20171018  09:15:00,28649,28665,28625,28650,722
20171018  09:18:00,28651,28660,28621,28633,526
20171018  09:21:00,28633,28640,28624,28629,304
20171018  09:24:00,28628,28659,28624,28659,444
20171018  09:27:00,28659,28674,28648,28667,520
20171018  09:30:00,28668,28685,28636,28664,1191
20171018  09:33:00,28665,28697,28665,28694,949
20171018  09:36:00,28692,28708,28680,28688,843
20171018  09:39:00,28686,28702,28665,28694,778
20171018  09:42:00,28691,28697,28672,28674,434
20171018  09:45:00,28673,28718,28663,28700,1020
20171018  09:48:00,28701,28710,28686,28694,444
20171018  09:51:00,28695,28711,28686,28706,485
20171018  09:54:00,28704,28723,28696,28714,600
20171018  09:57:00,28712,28719,28696,28696,405
20171018  10:00:00,28696,28704,28685,28689,399
20171018  10:03:00,28689,28704,28688,28699,276
20171018  10:06:00,28699,28710,28695,28706,231
20171018  10:09:00,28704,28706,28676,28684,485
20171018  10:12:00,28685,28695,28677,28678,248
20171018  10:15:00,28677,28695,28673,28687,325
20171018  10:18:00,28687,28699,28682,28698,216
20171018  10:21:00,28697,28708,28689,28693,237
20171018  10:24:00,28692,28697,28683,28686,157
20171018  10:27:00,28686,28704,28686,28699,177
20171018  10:30:00,28698,28703,28683,28689,190
20171018  10:33:00,28690,28690,28678,28683,199
20171018  10:36:00,28685,28696,28685,28693,123
20171018  10:39:00,28690,28694,28684,28691,94
20171018  10:42:00,28688,28697,28685,28688,122
20171018  10:45:00,28687,28693,28685,28689,88
20171018  10:48:00,28690,28693,28683,28686,92
20171018  10:51:00,28684,28690,28673,28677,221
20171018  10:54:00,28677,28680,28653,28668,646
20171018  10:57:00,28665,28666,28651,28662,282
20171018  11:00:00,28662,28663,28640,28658,456
20171018  11:03:00,28657,28672,28657,28668,221
20171018  11:06:00,28669,28672,28658,28659,215
20171018  11:09:00,28659,28666,28655,28664,126
20171018  11:12:00,28664,28675,28662,28664,135
20171018  11:15:00,28664,28678,28663,28673,160
20171018  11:18:00,28675,28676,28668,28674,105
20171018  11:21:00,28674,28682,28672,28679,152
20171018  11:24:00,28678,28699,28678,28694,453
20171018  11:27:00,28695,28705,28690,28700,256
20171018  11:30:00,28698,28706,28692,28694,257
20171018  11:33:00,28695,28701,28692,28697,92
20171018  11:36:00,28697,28705,28694,28694,83
20171018  11:39:00,28695,28700,28693,28694,78
20171018  11:42:00,28695,28702,28693,28699,107
20171018  11:45:00,28697,28702,28693,28698,116
20171018  11:48:00,28698,28709,28698,28698,218
20171018  11:51:00,28699,28699,28692,28693,85
20171018  11:54:00,28694,28701,28693,28698,71
20171018  11:57:00,28698,28702,28693,28698,87
20171018  13:00:00,28700,28700,28684,28689,191
20171018  13:03:00,28688,28690,28682,28685,152
20171018  13:06:00,28683,28685,28665,28671,385
20171018  13:09:00,28671,28678,28666,28676,172
20171018  13:12:00,28677,28683,28674,28677,117
20171018  13:15:00,28675,28683,28673,28681,73
20171018  13:18:00,28681,28687,28679,28683,77
20171018  13:21:00,28681,28685,28679,28681,67
20171018  13:24:00,28682,28682,28676,28680,63
20171018  13:27:00,28681,28683,28672,28674,81
20171018  13:30:00,28675,28683,28674,28678,75
20171018  13:33:00,28678,28679,28672,28679,73
20171018  13:36:00,28678,28678,28662,28664,170
20171018  13:39:00,28666,28671,28661,28663,174
20171018  13:42:00,28665,28673,28657,28673,236
20171018  13:45:00,28672,28673,28664,28671,91
20171018  13:48:00,28672,28672,28659,28666,146
20171018  13:51:00,28666,28676,28666,28675,112
20171018  13:54:00,28674,28676,28670,28672,76
20171018  13:57:00,28670,28678,28668,28677,96
20171018  14:00:00,28677,28684,28675,28680,138
20171018  14:03:00,28682,28684,28676,28683,99
20171018  14:06:00,28683,28686,28678,28680,102
20171018  14:09:00,28679,28690,28670,28671,257
20171018  14:12:00,28670,28678,28666,28676,157
20171018  14:15:00,28672,28679,28672,28679,66
20171018  14:18:00,28680,28684,28676,28680,71
20171018  14:21:00,28680,28689,28677,28683,185
20171018  14:24:00,28683,28686,28678,28679,82
20171018  14:27:00,28679,28684,28672,28673,83
20171018  14:30:00,28675,28679,28668,28678,187
20171018  14:33:00,28678,28683,28672,28674,86
20171018  14:36:00,28673,28676,28668,28675,73
20171018  14:39:00,28673,28681,28672,28678,52
20171018  14:42:00,28680,28682,28674,28675,48
20171018  14:45:00,28675,28687,28675,28681,129
20171018  14:48:00,28682,28682,28678,28680,41
20171018  14:51:00,28679,28689,28679,28689,105
20171018  14:54:00,28689,28695,28686,28694,196
20171018  14:57:00,28692,28699,28690,28690,185
20171018  15:00:00,28689,28694,28683,28686,102
20171018  15:03:00,28685,28689,28680,28682,69
20171018  15:06:00,28681,28692,28678,28691,82
20171018  15:09:00,28692,28693,28686,28689,79
20171018  15:12:00,28691,28695,28688,28692,107
20171018  15:15:00,28692,28707,28692,28701,258
20171018  15:18:00,28700,28707,28695,28699,154
20171018  15:21:00,28699,28703,28693,28697,90
20171018  15:24:00,28697,28700,28694,28699,76
20171018  15:27:00,28698,28698,28691,28695,98
20171018  15:30:00,28694,28696,28691,28694,60
20171018  15:33:00,28695,28700,28693,28694,67
20171018  15:36:00,28694,28694,28686,28686,99
20171018  15:39:00,28687,28688,28679,28681,162
20171018  15:42:00,28683,28688,28679,28688,57
20171018  15:45:00,28689,28691,28681,28684,82
20171018  15:48:00,28682,28688,28681,28688,56
20171018  15:51:00,28687,28687,28679,28682,119
20171018  15:54:00,28680,28686,28675,28686,119
20171018  15:57:00,28685,28685,28670,28676,178
20171018  16:00:00,28676,28688,28675,28684,161
20171018  16:03:00,28684,28695,28684,28687,277
20171018  16:06:00,28688,28694,28688,28693,39
20171018  16:09:00,28692,28697,28687,28687,196
20171018  16:12:00,28688,28690,28675,28678,148
20171018  16:15:00,28681,28683,28674,28683,110
20171018  16:18:00,28684,28690,28678,28680,153
