20171017  09:15:00,28734,28762,28719,28728,804
20171017  09:18:00,28725,28737,28710,28730,395
20171017  09:21:00,28731,28738,28713,28720,303
20171017  09:24:00,28720,28727,28715,28719,160
20171017  09:27:00,28719,28719,28703,28709,393
20171017  09:30:00,28711,28714,28663,28667,1368
20171017  09:33:00,28666,28706,28664,28693,855
20171017  09:36:00,28689,28695,28662,28676,818
20171017  09:39:00,28673,28725,28668,28714,826
20171017  09:42:00,28712,28729,28707,28715,522
20171017  09:45:00,28714,28727,28675,28683,779
20171017  09:48:00,28688,28689,28662,28678,647
20171017  09:51:00,28678,28688,28665,28671,375
20171017  09:54:00,28668,28680,28644,28653,849
20171017  09:57:00,28652,28660,28636,28644,551
20171017  10:00:00,28644,28660,28638,28653,430
20171017  10:03:00,28653,28680,28649,28678,535
20171017  10:06:00,28680,28685,28665,28681,410
20171017  10:09:00,28683,28683,28662,28670,249
20171017  10:12:00,28672,28674,28662,28670,161
20171017  10:15:00,28671,28671,28650,28656,328
20171017  10:18:00,28656,28665,28643,28655,359
20171017  10:21:00,28656,28672,28655,28667,205
20171017  10:24:00,28666,28666,28649,28659,216
20171017  10:27:00,28657,28684,28656,28682,397
20171017  10:30:00,28684,28689,28676,28680,227
20171017  10:33:00,28682,28704,28679,28699,538
20171017  10:36:00,28700,28703,28690,28694,190
20171017  10:39:00,28694,28699,28692,28696,106
20171017  10:42:00,28697,28708,28697,28703,208
20171017  10:45:00,28702,28720,28702,28711,360
20171017  10:48:00,28709,28730,28709,28724,332
20171017  10:51:00,28725,28737,28718,28734,351
20171017  10:54:00,28735,28738,28719,28719,313
20171017  10:57:00,28719,28729,28718,28724,230
20171017  11:00:00,28722,28722,28706,28707,368
20171017  11:03:00,28708,28716,28702,28715,267
20171017  11:06:00,28714,28722,28714,28722,154
20171017  11:09:00,28721,28722,28712,28714,105
20171017  11:12:00,28717,28730,28717,28728,152
20171017  11:15:00,28727,28729,28720,28721,154
20171017  11:18:00,28721,28734,28720,28732,139
20171017  11:21:00,28732,28737,28727,28729,202
20171017  11:24:00,28728,28731,28721,28727,119
20171017  11:27:00,28727,28737,28724,28726,114
20171017  11:30:00,28726,28730,28723,28725,107
20171017  11:33:00,28724,28726,28721,28723,52
20171017  11:36:00,28725,28735,28725,28734,109
20171017  11:39:00,28733,28735,28727,28730,82
20171017  11:42:00,28728,28728,28715,28717,124
20171017  11:45:00,28719,28723,28713,28716,135
20171017  11:48:00,28715,28716,28710,28714,60
20171017  11:51:00,28714,28720,28711,28712,75
20171017  11:54:00,28711,28719,28709,28718,86
20171017  11:57:00,28716,28725,28715,28725,89
20171017  13:00:00,28724,28724,28713,28722,121
20171017  13:03:00,28721,28731,28718,28721,179
20171017  13:06:00,28720,28722,28716,28718,50
20171017  13:09:00,28720,28721,28716,28718,37
20171017  13:12:00,28719,28727,28719,28722,56
20171017  13:15:00,28724,28728,28721,28727,64
20171017  13:18:00,28724,28732,28720,28726,98
20171017  13:21:00,28726,28726,28718,28719,46
20171017  13:24:00,28718,28724,28716,28720,93
20171017  13:27:00,28719,28728,28718,28721,130
20171017  13:30:00,28721,28725,28717,28722,96
20171017  13:33:00,28725,28728,28720,28723,70
20171017  13:36:00,28724,28724,28716,28722,87
20171017  13:39:00,28721,28727,28719,28723,50
20171017  13:42:00,28723,28725,28716,28717,59
20171017  13:45:00,28716,28721,28713,28715,83
20171017  13:48:00,28715,28719,28707,28718,171
20171017  13:51:00,28718,28719,28704,28705,146
20171017  13:54:00,28707,28710,28702,28704,117
20171017  13:57:00,28704,28705,28692,28693,319
20171017  14:00:00,28694,28701,28691,28701,111
20171017  14:03:00,28700,28707,28698,28701,127
20171017  14:06:00,28700,28700,28694,28696,99
20171017  14:09:00,28695,28711,28695,28710,156
20171017  14:12:00,28709,28711,28697,28698,90
20171017  14:15:00,28697,28700,28680,28684,402
20171017  14:18:00,28682,28688,28674,28682,285
20171017  14:21:00,28682,28692,28681,28690,152
20171017  14:24:00,28690,28695,28688,28692,109
20171017  14:27:00,28692,28695,28684,28685,82
20171017  14:30:00,28685,28690,28682,28686,91
20171017  14:33:00,28684,28692,28682,28682,83
20171017  14:36:00,28682,28688,28670,28688,194
20171017  14:39:00,28688,28690,28683,28685,106
20171017  14:42:00,28685,28696,28682,28686,192
20171017  14:45:00,28687,28687,28673,28678,185
20171017  14:48:00,28678,28686,28674,28680,184
20171017  14:51:00,28681,28684,28665,28683,178
20171017  14:54:00,28682,28685,28673,28674,81
20171017  14:57:00,28674,28682,28674,28680,104
20171017  15:00:00,28680,28689,28678,28688,162
20171017  15:03:00,28689,28699,28685,28699,202
20171017  15:06:00,28698,28706,28693,28693,210
20171017  15:09:00,28693,28701,28690,28699,106
20171017  15:12:00,28697,28703,28694,28696,85
20171017  15:15:00,28696,28705,28696,28699,103
20171017  15:18:00,28700,28701,28692,28694,89
20171017  15:21:00,28694,28703,28694,28702,51
20171017  15:24:00,28701,28702,28694,28698,80
20171017  15:27:00,28698,28699,28693,28695,34
20171017  15:30:00,28695,28695,28679,28685,186
20171017  15:33:00,28685,28692,28680,28692,89
20171017  15:36:00,28691,28697,28691,28692,94
20171017  15:39:00,28694,28703,28693,28703,162
20171017  15:42:00,28703,28704,28692,28702,92
20171017  15:45:00,28702,28708,28701,28706,113
20171017  15:48:00,28707,28715,28706,28707,220
20171017  15:51:00,28708,28708,28701,28701,89
20171017  15:54:00,28700,28705,28698,28702,90
20171017  15:57:00,28700,28706,28698,28704,129
20171017  16:00:00,28706,28707,28696,28696,114
20171017  16:03:00,28695,28700,28694,28700,49
20171017  16:06:00,28699,28699,28687,28689,145
20171017  16:09:00,28689,28693,28683,28686,234
20171017  16:12:00,28686,28688,28683,28683,129
20171017  16:15:00,28685,28686,28677,28678,154
20171017  16:18:00,28678,28690,28678,28689,166
20171017  16:21:00,28688,28692,28686,28686,54
20171017  16:24:00,28687,28694,28679,28693,198
20171017  16:27:00,28694,28705,28693,28704,147
