----Generation 0--------
50,18,1.00856,1.00958,0,0
18,30,1.00922,1.00014,0,0
18,17,1.00382,1.00629,0,0
27,8,1.00769,1.00351,0,0
5,48,1.00345,1.00102,0,0
6,11,1.00488,1.0087,0,0
36,3,1.00164,1.00094,0,0
42,39,1.00297,1.00535,0,0
47,4,1.00802,1.00098,0,0
16,1,1.00349,1.00694,0,0
2,1,1.0042,1.00277,0,0
25,6,1.00561,1.00217,0,0
34,49,1.0024,1.00558,0,0
36,26,1.00598,1.00887,0,0
37,27,1.00632,1.00741,0,0
46,7,1.00653,1.00329,0,0
50,43,1.00369,1.00302,0,0
46,3,1.00822,1.00416,0,0
20,31,1.00366,1.00228,0,0
22,1,1.00846,1.00875,0,0
10,16,1.00746,1.00973,0,0
22,31,1.00222,1.00884,0,0
40,26,1.00818,1.00081,0,0
3,26,1.00721,1.00618,0,0
11,47,1.00923,1.00974,0,0
10,17,1.00921,1.00962,0,0
14,31,1.00961,1.0038,0,0
8,42,1.00303,1.00882,0,0
26,46,1.00968,1.00901,0,0
18,25,1.00968,1.00801,0,0
43,32,1.00792,1.0087,0,0
39,38,1.00162,1.00085,0,0
40,7,1.00484,1.00975,0,0
19,9,1.00573,1.00794,0,0
14,38,1.00186,1.00749,0,0
39,34,1.00377,1.00321,0,0
10,33,1.00249,1.00176,0,0
45,4,1.00696,1.00749,0,0
11,25,1.00962,1.00021,0,0
2,4,1.00939,1.00685,0,0
48,11,1.0089,1.00572,0,0
1,22,1.00741,1.00346,0,0
26,29,1.00161,1.00237,0,0
15,43,1.00542,1.00255,0,0
34,35,1.00194,1.0009,0,0
23,37,1.00257,1.00639,0,0
42,7,1.00429,1.00169,0,0
49,39,1.00764,1.00585,0,0
39,45,1.00646,1.00231,0,0
29,27,1.00947,1.00317,0,0
----Generation 1--------
30,4,1.00887,1.00178,60,5
4,11,1.00645,1.00199,40,2
45,19,1.00551,1.00082,20,20
38,37,1.00632,1.00277,0,0
17,47,1.00672,1.00228,0,0
50,18,1.00856,1.00958,0,0
31,40,1.00089,1.00654,0,0
19,47,1.00459,1.00609,0,0
49,49,1.00747,1.00995,0,0
43,26,1.0054,1.00319,0,0
40,39,1.0085,1.00185,0,0
11,18,1.00624,1.00851,0,0
1,33,1.00969,1.00864,0,0
37,33,1.00094,1.00944,0,0
6,7,1.00376,1.00863,0,0
13,46,1.00757,1.00967,0,0
39,16,1.00733,1.00411,0,0
7,46,1.00919,1.0064,0,0
34,44,1.00346,1.00205,0,0
43,8,1.00374,1.00423,0,0
4,28,1.00695,1.00599,0,0
44,4,1.00693,1.00793,0,0
36,21,1.00786,1.0067,0,0
23,20,1.00281,1.00717,0,0
20,39,1.00447,1.00401,0,0
37,32,1.00679,1.00411,0,0
39,11,1.00747,1.00937,0,0
32,38,1.00096,1.00624,0,0
25,20,1.00831,1.00965,0,0
44,38,1.00835,1.00406,0,0
23,23,1.00475,1.0073,0,0
5,49,1.00637,1.00404,0,0
35,3,1.00841,1.00634,0,0
22,13,1.00826,1.00459,0,0
48,35,1.0095,1.00344,0,0
29,46,1.00969,1.00892,0,0
31,34,1.00495,1.00896,0,0
34,48,1.00708,1.00558,0,0
6,16,1.00153,1.00507,-15,2
35,16,1.00261,1.00003,-40,53
38,5,1.00885,1.00037,-40,39
1,5,1.00124,1.00451,-100,9
39,2,1.00197,1.00175,-110,48
2,26,1.00182,1.0078,-165,12
14,16,1.00048,1.00019,-220,39
6,21,1.00385,1.00085,-300,61
22,5,1.00271,1.00002,-360,75
46,24,1.00053,1.00301,-390,78
18,30,1.00922,1.00014,-440,86
36,30,1.00021,1.00406,-575,73
----Generation 2--------
14,19,1.00551,1.00082,40,28
18,19,1.00551,1.00082,0,0
45,49,1.00551,1.00082,0,0
45,19,1.00551,1.0034,0,0
22,19,1.00551,1.00082,0,0
45,19,1.00551,1.00836,0,0
45,48,1.00551,1.00082,0,0
45,19,1.00551,1.00605,0,0
45,19,1.00551,1.00856,0,0
45,26,1.00551,1.00082,0,31
45,19,1.00551,1.005,0,0
45,45,1.00551,1.00082,0,0
45,19,1.00551,1.00804,0,0
45,19,1.00551,1.00855,0,0
45,19,1.00551,1.00763,0,0
45,19,1.00551,1.00779,0,0
13,19,1.00551,1.00082,0,33
45,33,1.00551,1.00082,-20,13
45,50,1.00551,1.00082,-20,1
30,4,1.00887,1.00178,-40,33
45,31,1.00551,1.00082,-40,19
45,19,1.00551,1.00196,-80,14
4,11,1.00645,1.00199,-100,21
35,19,1.00551,1.00082,-100,32
27,19,1.00551,1.00082,-100,18
5,19,1.00551,1.00082,-100,86
45,19,1.00551,1.00166,-100,24
45,19,1.00317,1.00082,-115,59
45,19,1.00348,1.00082,-115,52
34,19,1.00551,1.00082,-120,29
10,19,1.00551,1.00082,-120,55
10,19,1.00551,1.00082,-120,55
45,19,1.0037,1.00082,-140,49
45,19,1.00551,1.00122,-140,34
45,19,1.00551,1.00033,-160,49
29,19,1.00551,1.00082,-160,21
45,19,1.00551,1.00154,-180,26
45,19,1.00701,1.00082,-180,40
45,19,1.00521,1.00082,-180,40
45,19,1.00522,1.00082,-180,40
30,19,1.00551,1.00082,-180,24
45,19,1.00624,1.00082,-180,40
45,19,1.00949,1.00082,-180,40
45,19,1.00463,1.00082,-185,45
45,19,1.00551,1.00066,-200,43
41,19,1.00551,1.00082,-200,41
45,19,1.00135,1.00082,-430,116
45,19,1.00072,1.00082,-460,146
45,19,1.00098,1.00082,-465,137
45,19,1.00088,1.00082,-475,140
----Generation 3--------
23,2,1.0033,1.00328,125,31
37,3,1.0036,1.006,120,22
7,3,1.00234,1.0001,85,102
14,19,1.00551,1.00082,80,18
16,8,1.00209,1.00299,50,13
29,8,1.0047,1.0026,50,20
25,9,1.0021,1.00867,25,17
5,21,1.00393,1.00804,25,3
35,2,1.00148,1.00191,5,100
22,50,1.00238,1.00576,5,2
38,16,1.00913,1.00822,0,0
41,41,1.00075,1.00572,0,0
21,32,1.00221,1.0068,0,0
17,21,1.00647,1.00663,0,0
37,19,1.00783,1.0018,0,8
18,31,1.00948,1.00728,0,0
18,28,1.00509,1.00553,0,0
28,28,1.003,1.00839,0,0
44,23,1.00632,1.00148,0,17
39,50,1.00687,1.00695,0,0
21,14,1.00319,1.00397,0,0
2,4,1.00565,1.0072,0,0
19,8,1.00417,1.00551,0,0
12,13,1.00499,1.00642,0,0
18,19,1.00551,1.00082,0,0
18,32,1.00951,1.00817,0,0
29,27,1.00799,1.00546,0,0
10,20,1.00959,1.00355,0,0
38,25,1.0079,1.00745,0,0
37,46,1.00309,1.00699,0,0
31,5,1.00676,1.00818,0,0
17,5,1.00406,1.00408,0,9
48,32,1.00983,1.00463,0,0
19,19,1.00929,1.00619,0,0
46,26,1.00281,1.00644,-15,8
34,12,1.00573,1.00231,-20,13
37,33,1.00523,1.00016,-20,33
24,43,1.00806,1.00263,-40,6
38,21,1.00077,1.00889,-60,49
1,9,1.00852,1.00423,-60,3
41,21,1.0014,1.00037,-95,83
6,34,1.00255,1.00775,-115,24
39,32,1.00013,1.00134,-125,90
6,47,1.00844,1.00049,-140,67
28,18,1.00893,1.00045,-160,34
13,3,1.00055,1.00695,-165,91
50,16,1.00011,1.00831,-165,89
2,31,1.00249,1.00727,-215,33
32,19,1.00897,1.00027,-280,50
2,36,1.00139,1.00951,-320,48
----Generation 4--------
14,1,1.00234,1.00082,255,63
7,19,1.00234,1.00477,60,7
7,3,1.00234,1.00998,55,8
7,9,1.00551,1.00082,40,8
14,16,1.00209,1.00082,40,6
23,2,1.0033,1.00328,10,19
37,3,1.0036,1.006,10,19
16,8,1.00975,1.00299,0,0
14,19,1.00551,1.00851,0,0
16,19,1.00626,1.00299,0,0
16,19,1.00551,1.00491,0,0
14,3,1.00551,1.00902,0,7
14,19,1.0059,1.00299,0,0
7,8,1.00234,1.00676,0,0
43,19,1.00551,1.00082,0,24
16,19,1.00819,1.00299,0,0
7,3,1.00551,1.0098799999999999,0,0
14,19,1.0091,1.00082,0,17
7,8,1.00209,1.00334,0,0
16,8,1.00807,1.00082,0,11
16,3,1.00234,1.00198,0,17
16,8,1.00742,1.00299,0,0
14,19,1.00963,1.00082,0,17
16,8,1.00947,1.00299,0,0
16,3,1.00209,1.00485,-5,20
14,19,1.00209,1.00226,-20,5
30,8,1.00209,1.00299,-25,26
14,8,1.00551,1.00058,-40,17
14,3,1.00234,1.00151,-45,20
14,8,1.00209,1.00942,-50,8
7,3,1.00779,1.00082,-60,12
14,8,1.00812,1.00082,-60,6
16,39,1.00209,1.00299,-60,19
48,8,1.00209,1.00299,-65,32
14,8,1.00149,1.00299,-90,13
16,8,1.00209,1.00369,-90,13
16,9,1.00209,1.00082,-100,20
16,17,1.00234,1.0001,-100,26
18,3,1.00551,1.0001,-135,105
16,3,1.00823,1.0001,-150,103
16,11,1.00209,1.0001,-190,88
43,3,1.00234,1.0001,-200,101
14,31,1.00234,1.00082,-200,32
30,3,1.00209,1.0001,-345,111
7,33,1.00551,1.0001,-360,74
7,3,1.00564,1.0001,-360,129
14,19,1.00727,1.0001,-400,67
16,31,1.00209,1.0001,-460,65
7,19,1.0096,1.0001,-520,83
7,19,1.00187,1.0001,-520,83
----Generation 5--------
7,24,1.00209,1.00998,0,0
14,7,1.00209,1.00082,0,0
15,9,1.00551,1.00082,0,0
22,3,1.00209,1.00082,0,0
7,16,1.00209,1.00258,0,0
34,9,1.00551,1.00082,0,0
7,35,1.00209,1.00082,0,0
7,16,1.00563,1.00082,0,0
14,13,1.00551,1.00082,0,0
14,9,1.00841,1.00082,0,0
16,9,1.00209,1.00082,0,0
48,3,1.00209,1.00998,0,0
7,45,1.00209,1.00082,0,0
1,9,1.00551,1.00082,0,0
7,9,1.00923,1.00082,0,0
14,9,1.00209,1.00194,0,0
7,9,1.00551,1.00922,0,0
11,16,1.00551,1.00082,0,0
14,16,1.00209,1.00205,0,0
3,16,1.00551,1.00082,0,0
7,3,1.00234,1.00795,0,0
14,21,1.00551,1.00082,0,0
4,9,1.00551,1.00082,0,0
7,3,1.00234,1.00994,0,0
7,19,1.00234,1.00477,0,0
7,9,1.00435,1.00082,0,0
7,3,1.00551,1.00602,0,0
7,37,1.00551,1.00998,0,0
7,16,1.00209,1.00811,0,0
20,9,1.00551,1.00082,0,0
7,3,1.00551,1.00728,0,0
7,29,1.00551,1.00082,0,0
14,48,1.00234,1.00082,0,0
7,16,1.00209,1.00484,0,0
14,1,1.00209,1.00082,0,0
43,9,1.00551,1.00082,0,0
2,16,1.00234,1.00082,0,0
7,3,1.00863,1.00082,0,0
14,9,1.00551,1.00407,0,0
7,16,1.0036,1.00998,0,0
14,16,1.00699,1.00082,0,0
7,16,1.00209,1.00246,0,0
14,16,1.00551,1.00632,0,0
14,9,1.00209,1.00393,0,0
14,16,1.0043,1.00998,0,0
7,20,1.00209,1.00082,0,0
14,16,1.00013,1.00082,0,0
14,16,1.0026,1.00082,0,0
14,1,1.00234,1.00082,0,0
7,9,1.00234,1.00998,0,0
----Generation 6--------
14,16,1.00185,1.00163,0,0
7,9,1.00388,1.00483,0,0
14,46,1.0041,1.00099,0,0
26,14,1.00596,1.00049,0,0
50,22,1.00877,1.00043,0,0
38,45,1.00756,1.00244,0,0
47,5,1.0054,1.00655,0,0
28,37,1.00268,1.00192,0,0
30,20,1.00824,1.00426,0,0
13,32,1.00042,1.00381,0,0
1,7,1.00024,1.00725,0,0
34,20,1.0064,1.00258,0,0
27,30,1.00774,1.00699,0,0
43,35,1.00382,1.0058,0,0
39,46,1.00736,1.00521,0,0
9,33,1.00986,1.00485,0,0
18,1,1.00335,1.00833,0,0
41,11,1.00688,1.00884,0,0
14,2,1.00313,1.00185,0,0
2,15,1.00717,1.00529,0,0
50,15,1.00729,1.00011,0,0
42,9,1.00574,1.00938,0,0
39,4,1.00148,1.00469,0,0
7,30,1.00079,1.00588,0,0
14,7,1.00209,1.00082,0,0
29,19,1.00663,1.00431,0,0
3,32,1.00229,1.00228,0,0
8,50,1.00438,1.00605,0,0
38,2,1.0008,1.00291,0,0
49,10,1.00475,1.00101,0,0
26,17,1.00472,1.00953,0,0
41,43,1.00646,1.00723,0,0
12,43,1.00275,1.00527,0,0
11,3,1.00598,1.00626,0,0
18,4,1.00098,1.00482,0,0
13,31,1.00688,1.00873,0,0
14,16,1.0093,1.00362,0,0
16,10,1.00179,1.00764,0,0
38,26,1.00935,1.00827,0,0
26,31,1.00502,1.00397,0,0
24,44,1.00899,1.00055,0,0
28,50,1.00209,1.00993,0,0
1,28,1.00151,1.0044,0,0
31,39,1.00722,1.00805,0,0
37,15,1.00514,1.00487,0,0
4,20,1.00397,1.00604,0,0
7,25,1.00406,1.00674,0,0
13,46,1.00271,1.00665,0,0
7,24,1.00209,1.00998,0,0
34,8,1.00513,1.00329,0,0
----Generation 7--------
22,20,1.00581,1.00949,0,0
13,46,1.00682,1.00646,0,0
36,27,1.0081,1.00474,0,0
21,44,1.00422,1.00325,0,0
36,24,1.0046,1.00035,0,0
28,27,1.00157,1.0071,0,0
30,37,1.0024,1.00451,0,0
16,40,1.00978,1.00948,0,0
26,28,1.00187,1.00017,0,0
12,37,1.00066,1.00451,0,0
27,1,1.00922,1.00931,0,0
14,27,1.00375,1.00292,0,0
48,43,1.00334,1.00389,0,0
42,48,1.00364,1.00123,0,0
30,21,1.00426,1.00944,0,0
3,9,1.00459,1.00729,0,0
40,30,1.00552,1.00297,0,0
9,27,1.00242,1.00201,0,0
29,12,1.00593,1.00701,0,0
4,34,1.00028,1.00714,0,0
44,33,1.00965,1.00858,0,0
25,37,1.00794,1.00528,0,0
35,35,1.00865,1.00112,0,0
1,6,1.00825,1.00655,0,0
7,9,1.00388,1.00483,0,0
9,38,1.00882,1.0017,0,0
50,47,1.00757,1.00629,0,0
46,42,1.00976,1.00946,0,0
49,18,1.00253,1.00433,0,0
25,46,1.00574,1.00535,0,0
13,14,1.00431,1.00051,0,0
46,23,1.00591,1.00445,0,0
45,18,1.00305,1.00787,0,0
9,16,1.00557,1.00744,0,0
24,20,1.00236,1.00911,0,0
29,29,1.00635,1.00021,0,0
43,39,1.00291,1.00917,0,0
22,18,1.0081,1.00755,0,0
34,43,1.00442,1.00745,0,0
14,6,1.00742,1.0031,0,0
39,31,1.00366,1.00148,0,0
15,22,1.00691,1.00309,0,0
7,44,1.0008,1.00832,0,0
49,2,1.0074,1.00433,0,0
5,18,1.00865,1.00521,0,0
49,48,1.00119,1.00669,0,0
31,38,1.00796,1.00017,0,0
27,25,1.00706,1.0082,0,0
14,16,1.00185,1.00163,0,0
21,42,1.00703,1.00339,0,0
----Generation 8--------
11,41,1.00779,1.00722,0,0
4,37,1.00695,1.00123,0,0
4,27,1.00787,1.00885,0,0
31,35,1.00449,1.00716,0,0
17,17,1.00898,1.00773,0,0
42,10,1.00064,1.00307,0,0
33,3,1.00995,1.00841,0,0
4,44,1.00525,1.00759,0,0
6,27,1.00155,1.00296,0,0
44,28,1.00627,1.00978,0,0
47,24,1.00423,1.00406,0,0
33,11,1.00424,1.00703,0,0
32,37,1.00563,1.00382,0,0
22,39,1.00291,1.00776,0,0
34,2,1.00438,1.0062,0,0
10,47,1.00961,1.00964,0,0
48,35,1.00433,1.00375,0,0
12,4,1.00557,1.00311,0,0
19,36,1.00058,1.00646,0,0
43,40,1.00793,1.00693,0,0
37,1,1.0014,1.00428,0,0
23,5,1.00142,1.00606,0,0
30,12,1.00564,1.00208,0,0
10,2,1.00712,1.00593,0,0
13,46,1.00682,1.00646,0,0
43,15,1.00186,1.00736,0,0
33,21,1.00348,1.00866,0,0
47,4,1.00871,1.00295,0,0
39,49,1.00032,1.00564,0,0
16,49,1.00011,1.0032,0,0
16,13,1.00136,1.00234,0,0
47,12,1.00142,1.00897,0,0
16,21,1.00298,1.00232,0,0
37,45,1.00726,1.00279,0,0
23,20,1.00041,1.00889,0,0
6,39,1.0053,1.00783,0,0
21,3,1.00453,1.00428,0,0
36,39,1.00106,1.00072,0,0
23,35,1.00723,1.00583,0,0
4,1,1.00302,1.00914,0,0
18,28,1.00785,1.00584,0,0
32,3,1.00963,1.00145,0,0
25,25,1.00964,1.00076,0,0
36,48,1.00343,1.00563,0,0
12,31,1.00118,1.00325,0,0
13,19,1.00461,1.00894,0,0
50,50,1.00432,1.00448,0,0
1,17,1.00637,1.00296,0,0
22,20,1.00581,1.00949,0,0
40,39,1.00749,1.00144,0,0
----Generation 9--------
50,3,1.00355,1.00614,0,0
40,4,1.00457,1.006,0,0
47,4,1.00123,1.00102,0,0
2,25,1.00366,1.00614,0,0
25,29,1.00105,1.00571,0,0
17,4,1.00108,1.00834,0,0
12,47,1.00495,1.00229,0,0
22,6,1.00999,1.00985,0,0
37,40,1.0001,1.00226,0,0
45,49,1.00505,1.00011,0,0
15,48,1.00654,1.00773,0,0
50,39,1.00453,1.00426,0,0
10,1,1.00616,1.00683,0,0
22,14,1.00739,1.00662,0,0
6,38,1.00185,1.00438,0,0
40,38,1.00275,1.00927,0,0
46,45,1.00983,1.00522,0,0
5,14,1.00953,1.00493,0,0
25,29,1.00104,1.00325,0,0
42,33,1.00924,1.00461,0,0
3,11,1.00655,1.00789,0,0
23,24,1.0066,1.00967,0,0
5,6,1.00708,1.00446,0,0
36,35,1.00172,1.00955,0,0
4,37,1.00695,1.00123,0,0
22,4,1.00464,1.00311,0,0
30,36,1.00559,1.00087,0,0
19,10,1.00196,1.00621,0,0
42,3,1.0079,1.00789,0,0
37,10,1.00667,1.00699,0,0
23,32,1.00596,1.00048,0,0
21,20,1.00098,1.00851,0,0
18,8,1.00249,1.00764,0,0
22,28,1.00176,1.00108,0,0
17,44,1.00849,1.00774,0,0
49,11,1.00616,1.00011,0,0
19,3,1.00022,1.00887,0,0
12,5,1.00656,1.00021,0,0
7,4,1.00916,1.00813,0,0
31,42,1.0015,1.00169,0,0
8,28,1.00746,1.0066,0,0
44,21,1.00695,1.00267,0,0
37,42,1.00225,1.00163,0,0
8,33,1.00671,1.00542,0,0
35,1,1.00652,1.00202,0,0
13,50,1.00399,1.00867,0,0
25,48,1.00856,1.00031,0,0
2,30,1.00415,1.00342,0,0
11,41,1.00779,1.00722,0,0
35,46,1.0088,1.00559,0,0
