----Generation 0--------
12,1,1.00492,1.00134,100,9
43,9,1.00594,1.00931,0,0
4,27,1.00616,1.00787,0,0
24,33,1.00948,1.00688,0,0
42,47,1.00209,1.00239,0,0
----Generation 1--------
21,11,1.00711,1.002,0,0
27,40,1.00903,1.00567,0,0
12,41,1.0049,1.0057,0,0
9,38,1.0052,1.00319,0,0
36,22,1.00909,1.00877,0,0
----Generation 2--------
47,3,1.00299,1.0099,0,0
31,26,1.00071,1.00163,0,0
40,46,1.00905,1.00933,0,0
20,43,1.00717,1.00309,0,0
2,49,1.00238,1.00141,0,0
----Generation 3--------
47,17,1.00234,1.00934,0,0
33,32,1.00046,1.0046,0,0
13,17,1.00563,1.00035,0,0
14,19,1.00906,1.00403,0,0
14,22,1.00329,1.00514,0,0
----Generation 4--------
28,16,1.0025,1.00847,0,0
16,45,1.00851,1.00272,0,0
13,26,1.00328,1.00165,0,0
40,42,1.00251,1.00274,0,0
11,12,1.00684,1.00236,0,0
----Generation 5--------
10,1,1.00411,1.00563,0,0
27,10,1.00215,1.00056,0,0
37,2,1.00436,1.00361,0,0
12,33,1.00629,1.00825,0,0
46,47,1.00201,1.00019,0,0
----Generation 6--------
15,37,1.00439,1.00013,0,0
37,1,1.00175,1.0094,0,0
41,25,1.00333,1.00893,0,0
23,19,1.00566,1.00394,0,0
2,29,1.00947,1.00338,0,0
----Generation 7--------
49,22,1.00557,1.00226,0,0
28,26,1.00758,1.00272,0,0
42,24,1.00793,1.008,0,0
8,42,1.0017,1.00172,0,0
18,19,1.0068,1.0049,0,0
----Generation 8--------
47,2,1.00276,1.00267,0,0
3,3,1.00837,1.002,0,0
10,16,1.00008,1.00606,0,0
29,41,1.00693,1.00122,0,0
26,36,1.00762,1.00617,0,0
----Generation 9--------
43,24,1.00732,1.00127,0,0
18,1,1.00347,1.00507,0,0
6,30,1.0094,1.00166,0,0
2,24,1.00526,1.00228,0,0
32,12,1.00467,1.0096,0,0
----Generation 10--------
35,15,1.00215,1.00274,45,20
13,21,1.00448,1.00188,40,12
2,17,1.00602,1.00647,20,7
18,1,1.00347,1.00507,15,13
47,18,1.00678,1.00402,15,7
