----Generation 0--------
50,40,1.00399,1.00955,0,0
27,41,1.00799,1.00947,0,0
32,2,1.00362,1.00294,0,0
14,37,1.00674,1.00679,0,0
39,37,1.00952,1.00401,0,0
----Generation 1--------
23,38,1.00058,1.00459,0,0
49,2,1.00517,1.00519,0,0
15,38,1.0021,1.00847,0,0
39,36,1.00481,1.0026,0,0
38,38,1.00388,1.00232,0,0
----Generation 2--------
22,2,1.0006,1.00948,0,0
31,21,1.00707,1.00304,0,0
42,48,1.00567,1.00809,0,0
36,13,1.00705,1.00934,0,0
47,50,1.00505,1.00132,0,0
----Generation 3--------
30,5,1.00323,1.00176,0,0
37,33,1.00012,1.00125,0,0
12,47,1.00062,1.00551,0,0
7,2,1.00656,1.00795,0,0
24,41,1.0013,1.0066,0,0
----Generation 4--------
36,29,1.00205,1.00832,0,0
25,19,1.00194,1.0059,0,0
46,40,1.00114,1.00171,0,0
1,2,1.00299,1.0045,0,0
42,18,1.00626,1.00954,0,0
----Generation 5--------
32,6,1.00528,1.00077,120,33
12,33,1.00323,1.00178,60,12
19,9,1.00794,1.00067,40,27
2,1,1.00185,1.00707,20,1
4,5,1.00991,1.00727,0,0
----Generation 6--------
35,4,1.00708,1.0006,20,24
47,5,1.009,1.00279,0,0
30,27,1.00211,1.00842,0,0
23,33,1.00764,1.00764,0,0
31,42,1.00795,1.00872,0,0
----Generation 7--------
12,33,1.0076,1.00285,0,0
10,44,1.00197,1.00579,0,0
39,7,1.00653,1.00753,0,0
32,10,1.00234,1.00608,0,0
7,43,1.00942,1.00017,0,0
----Generation 8--------
32,2,1.00328,1.00593,25,3
14,18,1.00144,1.0041,5,2
11,11,1.00411,1.00049,0,0
42,33,1.00478,1.00601,0,0
41,23,1.0034,1.00962,0,0
----Generation 9--------
45,25,1.0098799999999999,1.0002,60,28
46,49,1.00304,1.0002,40,7
11,13,1.00379,1.00058,40,2
5,1,1.00979,1.00191,20,3
39,17,1.00292,1.00231,20,1
----Generation 10--------
45,48,1.00971,1.00573,0,0
42,11,1.00295,1.00562,0,0
23,8,1.00714,1.00658,0,0
14,2,1.00387,1.00251,0,0
15,37,1.00946,1.00026,0,0
----Generation 11--------
9,25,1.00841,1.00741,0,0
33,12,1.00975,1.00455,0,0
17,17,1.00702,1.00604,0,0
27,50,1.00229,1.00481,0,0
20,34,1.0055,1.00318,0,0
----Generation 12--------
6,21,1.00641,1.00143,60,21
4,33,1.00804,1.00139,40,22
12,23,1.00571,1.00611,0,0
33,34,1.00407,1.0028,0,0
33,18,1.00371,1.00865,0,0
----Generation 13--------
47,4,1.00246,1.00712,95,11
40,10,1.0011,1.00393,65,20
50,2,1.00561,1.00265,60,3
17,5,1.00181,1.00668,60,3
8,23,1.00275,1.00373,25,3
----Generation 14--------
41,46,1.00438,1.0055,0,0
7,36,1.0048,1.00432,0,0
21,21,1.00777,1.00362,0,0
35,34,1.00573,1.00371,0,0
19,24,1.00216,1.00131,0,0
----Generation 15--------
30,36,1.00408,1.00091,40,3
20,36,1.00147,1.0037,20,1
41,1,1.00222,1.00692,10,19
27,1,1.00319,1.0096,5,9
26,2,1.00273,1.00649,5,9
----Generation 16--------
27,5,1.00489,1.0021,20,1
37,17,1.00857,1.00272,0,0
38,6,1.00678,1.00647,0,0
29,19,1.00319,1.00663,0,0
47,27,1.00191,1.0022,0,0
----Generation 17--------
46,35,1.00403,1.0005,0,0
5,44,1.00068,1.00684,0,0
33,46,1.00344,1.00415,0,0
22,7,1.00457,1.00704,0,0
46,44,1.00407,1.00755,0,0
----Generation 18--------
15,23,1.00071,1.00749,0,0
4,13,1.0074,1.00994,0,0
36,12,1.00062,1.00752,0,0
30,38,1.00453,1.00395,0,0
4,25,1.00955,1.00771,0,0
----Generation 19--------
35,40,1.0008,1.00688,110,16
14,2,1.00909,1.00659,80,4
4,32,1.00846,1.00923,20,1
42,33,1.00273,1.00328,15,6
9,39,1.0024,1.00538,5,61
----Generation 20--------
33,47,1.0056,1.00214,0,0
49,5,1.00853,1.00145,0,0
12,25,1.00708,1.0028,0,0
29,36,1.00548,1.00837,0,0
1,39,1.00381,1.00506,0,0
----Generation 21--------
28,1,1.00245,1.00558,340,84
44,10,1.00939,1.00596,40,4
28,7,1.00376,1.00707,30,12
24,1,1.00813,1.00238,20,54
7,26,1.00471,1.0059,20,1
----Generation 22--------
29,36,1.00233,1.00531,0,0
29,19,1.00827,1.0046,0,0
33,50,1.00587,1.00128,0,0
36,28,1.0052,1.00298,0,0
35,6,1.00032,1.00683,0,0
----Generation 23--------
36,34,1.00815,1.00409,0,0
49,12,1.00978,1.00584,0,0
28,7,1.00686,1.00358,0,0
23,31,1.0091,1.00496,0,0
12,7,1.00738,1.00463,0,0
----Generation 24--------
16,14,1.00606,1.00114,0,0
7,32,1.00415,1.0085,0,0
3,34,1.00106,1.00807,0,0
30,18,1.00311,1.00164,0,0
4,34,1.00967,1.00258,0,0
----Generation 25--------
36,14,1.0086,1.00415,0,0
43,16,1.00421,1.00629,0,0
15,20,1.00878,1.00385,0,0
15,28,1.00553,1.00111,0,0
9,5,1.00023,1.00614,0,0
----Generation 26--------
46,21,1.001,1.00725,75,16
7,50,1.00821,1.00416,40,2
35,18,1.00291,1.00749,0,0
49,28,1.00329,1.00272,0,0
6,23,1.00851,1.00837,0,0
----Generation 27--------
28,18,1.00259,1.00061,180,18
43,33,1.00076,1.00634,25,3
11,23,1.00128,1.00925,5,9
26,42,1.00349,1.00912,0,0
44,1,1.00506,1.00486,0,0
----Generation 28--------
31,9,1.00036,1.00248,0,0
14,4,1.00851,1.00046,0,0
40,47,1.00277,1.00421,0,0
21,21,1.00693,1.00124,0,0
23,48,1.00324,1.00425,0,0
----Generation 29--------
36,48,1.00352,1.00074,0,0
29,28,1.0053,1.00896,0,0
42,26,1.00154,1.00041,0,0
35,16,1.00669,1.00011,0,0
16,3,1.00816,1.0014,0,0
----Generation 30--------
2,1,1.00723,1.00066,500,27
3,1,1.00231,1.00116,260,19
40,1,1.00202,1.00869,100,63
26,43,1.0011,1.00436,35,7
11,5,1.00318,1.00969,0,0
----Generation 31--------
20,32,1.0023,1.00267,45,4
48,34,1.00698,1.00122,40,15
18,43,1.00344,1.00744,20,8
47,31,1.00699,1.00033,20,57
5,27,1.00853,1.00604,0,0
----Generation 32--------
3,18,1.00332,1.00763,120,20
7,21,1.0055,1.00706,20,1
9,42,1.00395,1.00799,20,15
12,39,1.00858,1.00533,0,0
23,50,1.00876,1.00708,0,0
----Generation 33--------
49,39,1.00832,1.00984,0,0
46,30,1.00679,1.00268,0,0
45,38,1.00991,1.00956,0,0
11,38,1.0017,1.00359,0,0
6,18,1.00981,1.00203,0,0
----Generation 34--------
16,23,1.00564,1.00085,0,0
21,20,1.00717,1.00077,0,0
7,6,1.00086,1.00404,0,0
13,24,1.00013,1.00814,0,0
21,34,1.00979,1.00255,0,0
----Generation 35--------
16,34,1.00244,1.00133,60,11
9,17,1.00783,1.00333,0,0
50,12,1.00719,1.00602,0,0
33,50,1.00178,1.00516,0,0
23,31,1.00718,1.00334,0,0
----Generation 36--------
16,2,1.0022,1.00268,100,9
29,8,1.00133,1.00847,50,6
16,33,1.002,1.00757,40,2
22,19,1.00642,1.0077,0,0
37,12,1.00813,1.00979,0,0
----Generation 37--------
25,36,1.00304,1.00584,0,0
21,49,1.00021,1.00568,0,0
28,50,1.00222,1.00034,0,0
26,30,1.00557,1.00288,0,0
37,1,1.00406,1.00517,0,0
----Generation 38--------
16,8,1.00128,1.00782,290,46
24,11,1.00191,1.00475,270,45
26,9,1.00185,1.00904,265,43
25,11,1.00151,1.00646,250,44
21,4,1.00118,1.00891,220,60
----Generation 39--------
21,34,1.00118,1.00425,40,2
8,3,1.00128,1.00664,30,5
3,11,1.00191,1.00557,15,6
45,11,1.0093,1.00715,0,0
16,3,1.00337,1.00557,0,0
----Generation 40--------
8,5,1.00197,1.00309,335,29
10,2,1.00382,1.00334,285,44
32,4,1.00567,1.00633,270,43
26,4,1.003,1.00348,185,77
42,24,1.00151,1.00473,145,44
----Generation 41--------
19,1,1.00884,1.00334,40,2
8,2,1.00157,1.00105,40,13
32,48,1.00115,1.00348,20,1
4,17,1.0029,1.00334,5,2
22,20,1.00959,1.00633,0,0
----Generation 42--------
29,13,1.00592,1.00674,0,0
30,27,1.00051,1.0018,0,0
25,30,1.00458,1.00849,0,0
11,2,1.00854,1.0032,0,0
16,46,1.00263,1.00259,0,0
----Generation 43--------
42,8,1.00762,1.00103,80,9
46,12,1.00703,1.00172,20,3
33,2,1.00172,1.00064,20,51
25,34,1.00141,1.00879,5,2
34,50,1.00255,1.00597,0,0
----Generation 44--------
35,31,1.00214,1.0093,0,0
27,36,1.00796,1.00595,0,0
21,49,1.00576,1.00429,0,0
31,14,1.00853,1.00953,0,0
45,36,1.00476,1.00181,0,0
----Generation 45--------
7,29,1.00968,1.00592,0,0
43,41,1.00139,1.00378,0,0
5,13,1.00346,1.00699,0,0
44,50,1.0004,1.00364,0,0
18,38,1.00961,1.00819,0,0
----Generation 46--------
6,42,1.00818,1.00475,0,0
32,7,1.00269,1.00808,0,0
33,36,1.00066,1.00149,0,0
27,36,1.00088,1.0041,0,0
2,48,1.00004,1.00923,0,0
----Generation 47--------
28,15,1.00848,1.00088,40,3
11,25,1.0027,1.00152,20,2
21,5,1.00801,1.00157,20,3
20,1,1.0038,1.00615,5,2
33,39,1.00286,1.00853,0,0
----Generation 48--------
26,14,1.00261,1.00071,105,23
26,38,1.00398,1.00219,40,2
32,40,1.0055,1.00152,40,4
31,39,1.008,1.0009,20,5
11,37,1.00546,1.0034,20,1
----Generation 49--------
18,34,1.00795,1.00265,0,0
42,48,1.0001,1.00958,0,0
18,21,1.00927,1.0026,0,0
44,12,1.00703,1.00223,0,0
20,45,1.00903,1.00753,0,0
----Generation 50--------
20,48,1.00755,1.0021,180,21
27,50,1.0015,1.00274,175,34
12,37,1.00455,1.00431,110,13
14,41,1.00752,1.00184,100,28
15,34,1.00331,1.00325,90,14
----Generation 51--------
34,1,1.00671,1.00271,20,1
26,21,1.00638,1.00034,20,5
34,39,1.00041,1.00449,5,2
34,21,1.00564,1.00906,0,0
40,10,1.0031,1.00256,0,0
----Generation 52--------
43,34,1.00026,1.0048,0,0
30,9,1.00917,1.00935,0,0
28,18,1.00681,1.00889,0,0
12,32,1.00438,1.00501,0,0
47,35,1.00508,1.00038,0,0
----Generation 53--------
29,8,1.00799,1.00112,40,3
14,22,1.00066,1.00796,20,1
29,5,1.00157,1.00679,20,1
13,1,1.00291,1.00655,5,2
28,50,1.0053,1.00906,0,0
----Generation 54--------
32,13,1.00967,1.00229,20,1
49,27,1.00439,1.00657,0,0
39,46,1.00101,1.00072,0,0
18,10,1.00139,1.00404,0,0
31,5,1.00649,1.00372,0,0
----Generation 55--------
40,26,1.00246,1.00558,0,0
25,1,1.00139,1.00267,0,0
38,25,1.00596,1.00597,0,0
23,23,1.0067,1.00986,0,0
9,22,1.00978,1.00515,0,0
----Generation 56--------
33,40,1.00139,1.00063,40,2
22,36,1.00383,1.00041,40,20
9,39,1.00688,1.00095,20,17
28,50,1.00106,1.00903,5,3
29,18,1.00105,1.00657,0,0
----Generation 57--------
48,4,1.00234,1.00288,0,0
1,1,1.00868,1.00601,0,0
6,48,1.00023,1.00818,0,0
35,34,1.00394,1.00514,0,0
50,38,1.00393,1.00263,0,0
----Generation 58--------
3,38,1.00287,1.00837,105,21
17,26,1.0012,1.00252,60,10
23,1,1.00658,1.00326,60,17
31,1,1.00914,1.00596,40,8
50,33,1.00798,1.00111,40,12
----Generation 59--------
41,10,1.00366,1.00547,0,0
5,22,1.00164,1.00737,0,0
32,24,1.00846,1.00372,0,0
47,49,1.00652,1.0065,0,0
42,23,1.00972,1.00473,0,0
----Generation 60--------
9,2,1.00939,1.00283,60,13
28,1,1.0051,1.00273,20,6
6,19,1.00157,1.00618,10,19
50,12,1.00268,1.00477,5,2
19,18,1.00146,1.00511,0,0
----Generation 61--------
22,40,1.00902,1.00184,60,9
31,42,1.00327,1.0014,20,3
17,4,1.00755,1.00243,20,1
36,38,1.00425,1.00648,0,0
37,32,1.00241,1.00359,0,0
----Generation 62--------
50,13,1,1.00906,315,105
36,9,1.00657,1.00813,155,13
36,14,1.00407,1.00375,140,28
28,12,1.00536,1.00661,135,12
30,11,1.00203,1.00808,110,51
----Generation 63--------
35,23,1.00049,1.00256,115,28
37,20,1.00104,1.00906,85,13
49,8,1.00005,1.00661,60,61
36,18,1.00657,1.00093,40,34
24,12,1.00111,1.00558,35,21
----Generation 64--------
5,29,1.00673,1.00222,0,0
35,10,1.00545,1.00605,0,0
17,16,1.0089,1.00292,0,0
28,19,1.00438,1.00496,0,0
36,21,1.00978,1.00149,0,0
----Generation 65--------
27,14,1.0038,1.00834,0,0
5,11,1.00463,1.00378,0,0
21,47,1.00767,1.00886,0,0
45,30,1.00759,1.00024,0,0
39,30,1.00849,1.00325,0,0
----Generation 66--------
1,28,1.0098,1.00659,0,0
43,47,1.00004,1.00885,0,0
49,17,1.00749,1.00223,0,0
46,39,1.00129,1.00539,0,0
12,15,1.00766,1.00234,0,0
----Generation 67--------
22,1,1.00245,1.00494,100,5
19,37,1.00185,1.0029,25,3
34,32,1.00143,1.00608,0,0
39,40,1.00968,1.00255,0,0
37,37,1.00738,1.0067,0,0
----Generation 68--------
4,6,1.00464,1.00325,0,0
34,7,1.00656,1.00942,0,0
44,5,1.00926,1.00153,0,0
41,7,1.00441,1.00079,0,0
14,25,1.00397,1.00133,0,0
----Generation 69--------
24,29,1.00505,1.00463,0,0
32,36,1.00537,1.00487,0,0
41,14,1.006,1.00325,0,0
6,46,1.00758,1.0008,0,0
6,26,1.00958,1.0095,0,0
----Generation 70--------
11,6,1.00833,1.00594,0,0
18,33,1.00257,1.00802,0,0
8,40,1.00779,1.00172,0,0
30,44,1.00703,1.00541,0,0
21,25,1.00864,1.00575,0,0
----Generation 71--------
32,3,1.00923,1.00104,260,73
32,9,1.00422,1.00073,130,85
49,21,1.00253,1.00106,110,79
46,6,1.00307,1.00033,50,135
3,14,1.0068,1.00391,0,6
----Generation 72--------
21,46,1.00785,1.00363,60,3
7,40,1.00518,1.00904,10,18
22,8,1.00852,1.00788,0,0
4,7,1.00987,1.0057,0,0
5,7,1.00218,1.00546,0,0
----Generation 73--------
2,7,1.0027,1.0039,50,6
46,14,1.00312,1.00654,40,2
6,4,1.00103,1.0034,25,3
10,20,1.00408,1.00258,10,4
19,40,1.00185,1.00369,0,21
----Generation 74--------
40,21,1.00584,1.0027,20,1
13,15,1.0063,1.00811,0,0
9,27,1.00763,1.00712,0,0
24,22,1.00412,1.00263,0,0
18,14,1.00589,1.00174,0,0
----Generation 75--------
23,39,1.00894,1.00771,0,0
43,8,1.00423,1.00645,0,0
46,48,1.00133,1.00037,0,0
8,43,1.00788,1.00517,0,0
50,17,1.00247,1.00673,0,0
----Generation 76--------
42,8,1.0042,1.0029,20,23
13,12,1.00021,1.00874,10,11
2,37,1.0057,1.00411,5,9
21,11,1.00868,1.0091,0,0
19,23,1.00838,1.00658,0,0
----Generation 77--------
15,41,1.00552,1.00923,0,0
48,42,1.00444,1.00037,0,0
13,30,1.00639,1.00878,0,0
26,25,1.00057,1.00367,0,0
10,26,1.0092,1.00666,0,0
----Generation 78--------
12,6,1.00227,1.00898,0,0
25,31,1.00853,1.00786,0,0
29,24,1.00283,1.00329,0,0
16,49,1.00126,1.00083,0,0
38,2,1.00251,1.0007,0,0
----Generation 79--------
39,20,1.0075,1.00373,0,0
5,5,1.00584,1.00351,0,0
1,31,1.0006,1.00198,0,0
47,35,1.00101,1.00421,0,0
3,44,1.0033,1.00608,0,0
----Generation 80--------
7,2,1.00534,1.00322,0,0
20,21,1.00188,1.00667,0,0
21,31,1.00995,1.00923,0,0
11,36,1.0062,1.00396,0,0
41,7,1.0098,1.00396,0,0
----Generation 81--------
32,37,1.00969,1.00306,0,0
18,5,1.00974,1.0041,0,0
20,1,1.00976,1.00048,0,0
43,6,1.00212,1.0099,0,0
14,21,1.00474,1.00799,0,0
----Generation 82--------
44,6,1.00359,1.00946,50,20
5,28,1.00572,1.0045,40,10
3,34,1.00514,1.00516,20,13
46,12,1.00617,1.00846,10,4
34,47,1.008,1.00621,0,0
----Generation 83--------
11,4,1.0032,1.00623,0,0
39,10,1.00464,1.0062,0,0
19,48,1.00593,1.00645,0,0
6,19,1.00009,1.00976,0,0
30,15,1.00966,1.00388,0,0
----Generation 84--------
9,41,1.0051,1.00955,60,7
29,8,1.00211,1.00071,55,55
10,25,1.0099,1.00637,40,4
10,17,1.00906,1.00372,40,4
11,2,1.00557,1.00996,30,5
----Generation 85--------
10,2,1.00851,1.00082,0,0
19,25,1.00557,1.00996,0,0
34,17,1.00856,1.00372,0,0
40,20,1.00093,1.00802,0,0
35,2,1.00153,1.00441,0,0
----Generation 86--------
26,37,1.00017,1.00152,0,0
46,27,1.00847,1.00351,0,0
20,46,1.00535,1.00035,0,0
15,30,1.00366,1.00268,0,0
10,21,1.00256,1.00753,0,0
----Generation 87--------
23,29,1.00987,1.00206,0,0
31,45,1.0072,1.00531,0,0
40,7,1.00071,1.0048,0,0
40,16,1.00551,1.00342,0,0
44,4,1.0034,1.00137,0,0
----Generation 88--------
20,31,1.00204,1.00659,0,0
16,45,1.00424,1.00886,0,0
47,20,1.00679,1.00798,0,0
43,7,1.00165,1.00976,0,0
41,5,1.00997,1.00322,0,0
----Generation 89--------
36,5,1.00677,1.00678,240,26
10,2,1.00649,1.00498,205,16
18,7,1.00222,1.00634,165,38
41,4,1.00705,1.00816,160,22
27,25,1.00055,1.00936,155,27
----Generation 90--------
4,22,1.00176,1.00691,140,82
8,1,1.00601,1.00853,100,5
8,13,1.00283,1.00936,85,13
48,5,1.00318,1.00441,65,28
36,1,1.00937,1.00949,55,10
----Generation 91--------
17,1,1.00168,1.00617,90,15
6,1,1.00176,1.00398,60,3
8,28,1.00344,1.00273,60,3
43,1,1.00318,1.00763,50,6
4,12,1.00283,1.00711,40,2
----Generation 92--------
22,15,1.00234,1.005,140,14
17,14,1.00144,1.00828,135,12
27,11,1.00345,1.00342,70,14
37,17,1.00455,1.00456,60,3
27,3,1.00719,1.00765,45,4
----Generation 93--------
19,14,1.00144,1.00272,0,0
50,8,1.00515,1.00829,0,0
30,13,1.00064,1.0015,0,0
26,46,1.00653,1.00163,0,0
44,27,1.0059,1.00101,0,0
----Generation 94--------
18,13,1.0073,1.00053,140,24
47,11,1.00063,1.0092,40,11
41,15,1.00841,1.00255,20,1
47,23,1.00909,1.00459,0,0
43,1,1.00562,1.00702,0,0
----Generation 95--------
19,3,1.00953,1.00337,40,2
23,8,1.00631,1.00122,20,14
7,20,1.00254,1.00404,10,4
3,29,1.00792,1.00336,0,0
20,2,1.00474,1.00584,0,0
----Generation 96--------
17,41,1.0059,1.00363,40,6
38,1,1.00784,1.00154,20,37
22,48,1.00191,1.00659,5,2
40,33,1.00667,1.00175,0,0
6,16,1.00731,1.00736,0,0
----Generation 97--------
26,44,1.00993,1.00648,0,0
19,7,1.00465,1.00644,0,0
1,39,1.00143,1.0064,0,0
47,4,1.00362,1.00124,0,0
21,38,1.00575,1.00475,0,0
----Generation 98--------
15,47,1.00434,1.0034,40,22
21,23,1.00604,1.0012,0,0
45,40,1.00959,1.0046,0,0
49,41,1.0067,1.00729,0,0
29,28,1.00709,1.00778,0,0
----Generation 99--------
46,6,1.00601,1.00508,0,0
48,31,1.00734,1.00878,0,0
5,18,1.00405,1.00313,0,0
41,7,1.0015,1.00626,0,0
33,42,1.00809,1.00004,0,0
----Generation 100--------
12,43,1.00134,1.00993,30,5
24,48,1.00115,1.00585,20,1
44,3,1.00412,1.0057,20,1
39,29,1.00077,1.00539,15,6
7,40,1.00401,1.0087,0,0
----Generation 101--------
16,15,1.00687,1.00004,260,102
28,9,1.00918,1.00085,140,41
44,37,1.00944,1.00087,40,7
29,41,1.00192,1.00157,20,10
43,14,1.00431,1.00923,5,2
----Generation 102--------
1,17,1.00817,1.00624,0,0
8,1,1.00775,1.00277,0,0
2,5,1.0052,1.00136,0,0
41,17,1.00425,1.00698,0,0
11,10,1.00274,1.00532,0,0
----Generation 103--------
45,21,1.00577,1.0038,0,0
40,21,1.00174,1.00107,0,0
38,8,1.00452,1.00631,0,0
19,33,1.00592,1.0005,0,0
50,45,1.00039,1.00961,0,0
----Generation 104--------
13,26,1.00234,1.00521,105,7
21,30,1.00152,1.00446,55,8
10,1,1.00306,1.0037,10,6
47,46,1.00482,1.00475,0,0
26,17,1.00855,1.00882,0,0
----Generation 105--------
38,5,1.00088,1.00719,55,18
22,34,1.00666,1.00627,0,0
13,18,1.00587,1.00135,0,0
18,19,1.00481,1.00969,0,0
40,17,1.00871,1.00553,0,0
----Generation 106--------
14,40,1.00909,1.0056,0,0
25,35,1.0066,1.0025,0,0
42,48,1.00012,1.00529,0,0
44,21,1.00094,1.00956,0,0
38,4,1.00578,1.00231,0,0
----Generation 107--------
40,11,1.00643,1.00815,0,0
33,26,1.00882,1.00335,0,0
24,16,1.00512,1.00525,0,0
17,42,1.00723,1.00498,0,0
34,39,1.00907,1.00244,0,0
----Generation 108--------
21,29,1.00071,1.00923,0,0
18,29,1.00938,1.00463,0,0
28,31,1.00867,1.00839,0,0
20,33,1.00116,1.00468,0,0
32,21,1.00197,1.00564,0,0
----Generation 109--------
28,37,1.00491,1.00685,0,0
23,39,1.00254,1.00163,0,0
50,16,1.0035,1.00133,0,0
5,25,1.00012,1.00961,0,0
44,7,1.00731,1.00574,0,0
----Generation 110--------
17,2,1.00733,1.00231,0,0
43,22,1.00936,1.00093,0,0
50,50,1.00703,1.00475,0,0
44,10,1.0034,1.0037,0,0
35,34,1.00829,1.00211,0,0
----Generation 111--------
37,1,1.00907,1.00668,40,2
21,19,1.00395,1.00629,0,0
39,23,1.00546,1.00287,0,0
17,42,1.00732,1.00489,0,0
24,29,1.00833,1.00813,0,0
----Generation 112--------
7,20,1.0015,1.00887,255,67
32,1,1.00217,1.00733,155,63
15,20,1.00124,1.00511,120,20
42,4,1.00938,1.00186,100,31
3,25,1.00156,1.00535,90,89
----Generation 113--------
11,24,1.00249,1.00957,60,3
5,25,1.00708,1.00887,40,4
4,24,1.00715,1.00733,40,8
42,1,1.00797,1.00408,40,19
3,20,1.00915,1.00403,40,12
----Generation 114--------
9,47,1.00745,1.00818,0,0
19,11,1.00973,1.00278,0,0
10,31,1.00818,1.00191,0,0
25,44,1.00408,1.0029,0,0
35,30,1.00564,1.00203,0,0
----Generation 115--------
19,7,1.00152,1.00774,345,47
31,10,1.00367,1.00714,165,38
34,24,1.00111,1.00511,160,43
40,23,1.00452,1.00526,155,34
22,17,1.00322,1.00263,145,16
----Generation 116--------
19,24,1.00761,1.00839,0,0
3,10,1.00322,1.00525,0,0
45,13,1.00758,1.00648,0,0
41,23,1.00613,1.00714,0,0
35,35,1.00421,1.00025,0,0
----Generation 117--------
6,39,1.00134,1.00529,0,0
37,34,1.00451,1.00609,0,0
18,33,1.00653,1.00012,0,0
4,39,1.00919,1.00343,0,0
12,34,1.00602,1.002,0,0
----Generation 118--------
1,6,1.00604,1.00999,0,0
21,5,1.00215,1.00948,0,0
11,18,1.00588,1.00102,0,0
2,1,1.00686,1.00978,0,0
4,37,1.0039,1.009,0,0
----Generation 119--------
25,40,1.00086,1.00651,135,19
5,25,1.00345,1.00612,105,14
6,15,1.00188,1.00606,85,13
4,33,1.00269,1.00922,80,18
10,30,1.00382,1.0057,70,7
----Generation 120--------
35,34,1.00448,1.00305,0,0
23,20,1.00953,1.00134,0,0
10,42,1.00817,1.00778,0,0
17,31,1.00901,1.00373,0,0
14,46,1.00815,1.00958,0,0
----Generation 121--------
49,19,1.00043,1.0026,0,0
34,2,1.00197,1.00271,0,0
43,21,1.00377,1.00826,0,0
32,7,1.00656,1.00963,0,0
5,32,1.00904,1.00675,0,0
----Generation 122--------
30,7,1.00147,1.00202,0,0
40,19,1.00072,1.00177,0,0
7,10,1.0038,1.00484,0,0
17,1,1.00253,1.00758,0,0
1,25,1.00747,1.00603,0,0
----Generation 123--------
13,15,1.0031,1.00304,0,0
16,39,1.00445,1.00473,0,0
7,38,1.00655,1.00718,0,0
29,8,1.00227,1.00289,0,0
46,48,1.00541,1.00366,0,0
----Generation 124--------
46,34,1.00184,1.00707,0,0
45,39,1.00323,1.00936,0,0
30,38,1.00218,1.00574,0,0
25,20,1.00591,1.00188,0,0
37,46,1.00506,1.00292,0,0
----Generation 125--------
38,44,1.00971,1.00487,0,0
45,11,1.00314,1.00024,0,0
50,40,1.00935,1.00948,0,0
1,26,1.00417,1.00171,0,0
5,40,1.00265,1.00291,0,0
----Generation 126--------
45,20,1.0073,1.00446,0,0
9,25,1.00557,1.00681,0,0
40,23,1.00164,1.00553,0,0
28,14,1.00902,1.00771,0,0
18,26,1.00685,1.00211,0,0
----Generation 127--------
13,28,1.00433,1.00827,0,0
3,33,1.00707,1.00746,0,0
22,2,1.00592,1.00625,0,0
1,37,1.00935,1.0057,0,0
7,5,1.00574,1.00651,0,0
----Generation 128--------
29,17,1.00661,1.00783,0,0
25,4,1.00861,1.00863,0,0
6,3,1.00902,1.00313,0,0
23,38,1.00555,1.0071,0,0
18,40,1.00901,1.00914,0,0
----Generation 129--------
3,1,1.00621,1.00078,260,23
48,2,1.00353,1.00272,65,5
39,13,1.0015,1.00174,10,4
22,18,1.00424,1.00929,0,0
42,26,1.001,1.00912,0,0
----Generation 130--------
19,34,1.00177,1.00738,0,0
50,50,1.00527,1.00161,0,0
15,11,1.00277,1.00641,0,0
42,9,1.00775,1.00052,0,0
43,36,1.0026,1.00212,0,0
----Generation 131--------
42,19,1.00343,1.0031,0,0
35,45,1.00934,1.0072,0,0
35,33,1.00808,1.00886,0,0
29,8,1.00106,1.002,0,0
25,35,1.00688,1.00328,0,0
----Generation 132--------
9,31,1.00684,1.00143,0,0
17,12,1.00588,1.00036,0,0
30,43,1.00682,1.00471,0,0
22,27,1.00248,1.0015,0,0
36,26,1.00918,1.00945,0,0
----Generation 133--------
14,38,1.00339,1.00202,115,29
2,45,1.00378,1.00354,35,29
1,45,1.00262,1.00839,10,32
14,3,1.00565,1.00545,0,4
20,14,1.00777,1.00739,0,0
----Generation 134--------
41,42,1.00571,1.00529,0,0
26,22,1.00094,1.00512,0,0
28,43,1.00407,1.0063,0,0
33,8,1.00192,1.00051,0,0
24,1,1.00909,1.0053,0,0
----Generation 135--------
18,11,1.00758,1.00208,40,2
11,20,1.00159,1.00647,10,4
10,12,1.00907,1.00116,0,0
40,43,1.00157,1.00486,0,0
29,46,1.0019,1.00355,0,0
----Generation 136--------
37,13,1.00202,1.00854,0,0
4,37,1.00645,1.00203,0,0
34,22,1.00323,1.00383,0,0
27,20,1.00162,1.00676,0,0
30,6,1.00246,1.00075,0,0
----Generation 137--------
18,31,1.00767,1.0086,0,0
48,31,1.00081,1.00159,0,0
4,17,1.00462,1.00239,0,0
20,18,1.00739,1.0098,0,0
4,29,1.00456,1.00534,0,0
----Generation 138--------
10,4,1.00131,1.0049,95,24
40,9,1.00234,1.0095,65,27
12,3,1.00999,1.00133,40,31
22,1,1.00618,1.00678,25,5
31,21,1.0013,1.00825,20,15
----Generation 139--------
1,30,1.00787,1.00548,0,0
13,10,1.00887,1.00936,0,0
5,23,1.00963,1.00791,0,0
19,16,1.00265,1.00273,0,0
37,32,1.00353,1.00146,0,0
----Generation 140--------
25,2,1.00076,1.00364,310,105
21,19,1.00003,1.00826,275,99
16,6,1.00157,1.00615,265,51
29,24,1.00017,1.00719,205,62
28,12,1.00558,1.00941,200,38
----Generation 141--------
17,8,1.00954,1.00137,20,5
34,19,1.00388,1.00826,0,0
34,14,1.00935,1.00824,0,0
21,10,1.00323,1.00826,0,0
2,45,1.00558,1.00615,0,0
----Generation 142--------
3,40,1.00153,1.00412,0,0
4,8,1.00413,1.00222,0,0
22,49,1.00537,1.00577,0,0
16,23,1.00994,1.00967,0,0
29,15,1.00137,1.00017,0,0
----Generation 143--------
48,29,1.0054400000000001,1.00044,160,70
41,18,1.00763,1.00038,160,79
32,12,1.00774,1.0024,140,15
40,7,1.00704,1.00274,70,27
33,2,1.00608,1.00866,55,8
----Generation 144--------
21,18,1.0054400000000001,1.00866,0,0
44,29,1.00774,1.00413,0,0
36,13,1.0012,1.00909,0,0
25,2,1.00608,1.00577,0,0
36,2,1.00982,1.00081,0,0
----Generation 145--------
12,8,1.00128,1.00416,285,37
38,12,1.00229,1.00575,210,35
40,17,1.00068,1.00982,180,67
41,16,1.00508,1.00517,125,29
20,6,1.00733,1.00469,115,11
----Generation 146--------
8,25,1.00902,1.00993,0,0
7,33,1.00209,1.00998,0,0
2,16,1.00172,1.00504,0,0
9,3,1.00347,1.00683,0,0
43,48,1.00629,1.00653,0,0
----Generation 147--------
26,40,1.00002,1.00728,0,0
44,10,1.00239,1.00689,0,0
7,31,1.00186,1.008,0,0
16,28,1.00621,1.00452,0,0
10,5,1.00538,1.00339,0,0
----Generation 148--------
30,21,1.00356,1.00836,0,0
2,13,1.00247,1.00822,0,0
26,40,1.00701,1.00335,0,0
36,48,1.00844,1.0028,0,0
34,38,1.00325,1.0096,0,0
----Generation 149--------
20,35,1.00438,1.00415,40,8
11,34,1.00673,1.00291,20,15
2,27,1.0099,1.00262,20,35
21,34,1.0074,1.00331,20,11
10,32,1.00237,1.00629,15,12
----Generation 150--------
50,23,1.00886,1.00869,0,0
30,48,1.0062,1.00638,0,0
19,42,1.00597,1.00737,0,0
4,3,1.00975,1.00666,0,0
42,4,1.00735,1.00684,0,0
----Generation 151--------
33,25,1.00275,1.00913,0,0
41,6,1.00133,1.00135,0,0
38,14,1.00937,1.00778,0,0
42,22,1.00572,1.0049,0,0
33,25,1.0096,1.00562,0,0
----Generation 152--------
7,19,1.00404,1.00261,50,8
43,12,1.00896,1.00125,20,16
11,29,1.00764,1.00249,20,3
4,29,1.00291,1.00394,5,9
10,32,1.00687,1.00573,0,0
----Generation 153--------
38,45,1.00151,1.00727,0,0
16,17,1.00255,1.0046,0,0
1,31,1.00774,1.00679,0,0
44,15,1.00759,1.00949,0,0
39,30,1.00129,1.00068,0,0
----Generation 154--------
32,43,1.00442,1.00009,0,0
47,11,1.00709,1.0012,0,0
38,12,1.00943,1.0085,0,0
27,17,1.00722,1.00171,0,0
16,30,1.00974,1.00241,0,0
----Generation 155--------
31,37,1.00047,1.00726,0,0
21,2,1.00973,1.00873,0,0
8,50,1.00031,1.0076,0,0
7,13,1.00638,1.00687,0,0
50,49,1.00363,1.00093,0,0
----Generation 156--------
3,9,1.00282,1.0074,0,0
32,5,1.00791,1.00218,0,0
22,30,1.0004,1.00759,0,0
33,31,1.00261,1.00085,0,0
6,2,1.00884,1.00561,0,0
----Generation 157--------
18,9,1.00056,1.00849,110,30
47,12,1.00981,1.00298,0,0
38,50,1.00579,1.00243,0,0
49,33,1.00582,1.00532,0,0
31,40,1.00908,1.00824,0,0
----Generation 158--------
34,1,1.00659,1.00104,120,44
40,18,1.00379,1.00836,20,1
34,36,1.00534,1.00483,0,0
6,48,1.00888,1.00934,0,0
31,34,1.00436,1.00445,0,0
----Generation 159--------
9,31,1.00428,1.00643,10,4
3,9,1.00353,1.00482,5,2
33,24,1.00204,1.00743,5,3
4,5,1.00766,1.00252,0,0
8,35,1.0075,1.0065,0,0
----Generation 160--------
11,21,1.00191,1.00116,50,14
47,7,1.00637,1.00153,40,6
29,1,1.00324,1.00797,40,2
49,1,1.00417,1.00901,40,2
41,8,1.00686,1.00172,20,4
----Generation 161--------
30,1,1.00343,1.00302,330,116
43,1,1.00588,1.00013,130,146
8,2,1.00145,1.00132,65,147
23,1,1.00927,1.00559,40,12
2,31,1.00743,1.00787,30,5
----Generation 162--------
7,1,1.00888,1.00164,160,18
11,49,1.00404,1.00603,30,5
17,22,1.00323,1.00178,0,0
26,31,1.00852,1.00423,0,0
42,19,1.00585,1.00926,0,0
----Generation 163--------
28,1,1.00627,1.00739,60,10
12,13,1.00034,1.00904,15,13
39,40,1.00401,1.00757,0,0
33,49,1.00725,1.00948,0,0
2,2,1.00113,1.00772,0,0
----Generation 164--------
4,40,1.00316,1.00289,20,3
19,35,1.00888,1.0027,0,0
21,20,1.00472,1.00824,0,0
48,42,1.00425,1.00823,0,0
50,16,1.00442,1.0044,0,0
----Generation 165--------
50,27,1.00364,1.00434,40,2
39,10,1.00567,1.00458,25,3
30,7,1.00572,1.00733,20,1
18,35,1.004,1.00457,0,0
37,16,1.00668,1.00434,0,0
----Generation 166--------
36,6,1.00944,1.0038,0,0
24,26,1.00856,1.00711,0,0
49,19,1.00621,1.00795,0,0
39,11,1.00072,1.00971,0,0
24,23,1.00717,1.00566,0,0
----Generation 167--------
5,36,1.00343,1.00551,0,0
45,36,1.00515,1.00735,0,0
36,13,1.00588,1.00656,0,0
30,46,1.00729,1.00984,0,0
22,38,1.00128,1.00354,0,0
----Generation 168--------
48,6,1.00184,1.00658,115,17
24,1,1.0041,1.0017,100,44
33,1,1.00177,1.00816,90,18
45,26,1.00567,1.00271,60,10
48,21,1.00054,1.00362,50,23
----Generation 169--------
3,15,1.00427,1.00499,55,19
7,46,1.00997,1.00772,20,7
43,48,1.00992,1.00546,0,0
1,3,1.00746,1.00684,0,0
13,21,1.00616,1.00601,0,0
----Generation 170--------
46,26,1.00115,1.00617,80,4
29,49,1.00101,1.00589,35,22
35,23,1.00125,1.008,25,3
50,18,1.00154,1.00652,15,7
44,47,1.00326,1.00133,0,0
----Generation 171--------
33,25,1.00976,1.00148,60,5
2,19,1.00455,1.00658,45,4
12,43,1.00763,1.00161,40,27
21,41,1.0015,1.00156,30,17
37,17,1.00295,1.00849,10,4
----Generation 172--------
31,10,1.0073,1.00689,0,0
45,42,1.00738,1.00814,0,0
14,13,1.00983,1.00752,0,0
6,18,1.00419,1.00035,0,0
16,43,1.00785,1.00337,0,0
----Generation 173--------
35,33,1.00295,1.00957,0,0
45,36,1.00534,1.00986,0,0
50,23,1.00405,1.00428,0,0
33,3,1.00497,1.00731,0,0
39,22,1.00311,1.00773,0,0
----Generation 174--------
50,31,1.00803,1.00777,0,0
6,13,1.00395,1.0063,0,0
47,10,1.00441,1.0016,0,0
13,3,1.00738,1.0066,0,0
17,11,1.00957,1.00528,0,0
----Generation 175--------
16,13,1.00967,1.00771,0,0
46,23,1.00653,1.00319,0,0
26,15,1.00354,1.00651,0,0
34,48,1.00218,1.00991,0,0
16,40,1.00491,1.00296,0,0
----Generation 176--------
31,45,1.00276,1.00537,0,0
42,49,1.0057,1.00973,0,0
36,21,1.00442,1.00777,0,0
40,36,1.00488,1.00067,0,0
35,11,1.00752,1.00876,0,0
----Generation 177--------
22,1,1.0023,1.00782,345,54
18,4,1.00291,1.00721,95,24
35,1,1.00615,1.00974,90,8
24,1,1.00163,1.00104,55,123
39,26,1.00378,1.00195,20,3
----Generation 178--------
18,1,1.00957,1.0054400000000001,0,0
22,41,1.00744,1.00782,0,0
39,26,1.00452,1.0098799999999999,0,0
18,1,1.00963,1.00843,0,0
4,26,1.00163,1.00695,0,0
----Generation 179--------
6,8,1.00184,1.00273,0,0
32,8,1.00913,1.00171,0,0
20,8,1.00873,1.00121,0,0
15,5,1.0086,1.00682,0,0
19,27,1.00844,1.00436,0,0
----Generation 180--------
27,14,1.00304,1.00498,0,0
7,3,1.00201,1.00131,0,0
17,13,1.00913,1.00013,0,0
22,37,1.00091,1.00837,0,0
1,21,1.00217,1.00676,0,0
----Generation 181--------
17,22,1.00301,1.00187,0,0
50,10,1.00354,1.00192,0,0
9,24,1.00835,1.00776,0,0
31,10,1.00642,1.00882,0,0
30,18,1.00551,1.00161,0,0
----Generation 182--------
38,12,1.00502,1.00081,40,20
13,6,1.00473,1.00119,40,5
35,1,1.00282,1.00134,20,30
34,29,1.00792,1.00503,0,0
4,27,1.00299,1.00891,0,0
----Generation 183--------
22,8,1.00666,1.00695,0,0
6,33,1.00465,1.00329,0,0
8,4,1.00638,1.00975,0,0
7,43,1.00556,1.00462,0,0
13,13,1.00325,1.00608,0,0
----Generation 184--------
22,47,1.00707,1.00502,0,0
35,39,1.00378,1.00694,0,0
29,30,1.00132,1.00228,0,0
46,24,1.00292,1.00839,0,0
40,37,1.00361,1.00085,0,0
----Generation 185--------
33,3,1.00872,1.00316,20,7
49,25,1.00764,1.00735,0,0
45,24,1.00208,1.00581,0,0
7,43,1.00793,1.00738,0,0
42,34,1.00472,1.00107,0,0
----Generation 186--------
50,43,1.00174,1.00625,0,0
19,37,1.00976,1.00855,0,0
5,44,1.00166,1.00385,0,0
39,25,1.00888,1.0022,0,0
20,48,1.00704,1.00101,0,0
----Generation 187--------
21,45,1.00648,1.00798,0,0
47,35,1.00983,1.00872,0,0
6,47,1.00354,1.00516,0,0
24,29,1.00712,1.00671,0,0
2,38,1.0003,1.00167,0,0
----Generation 188--------
39,46,1.00276,1.00406,0,0
19,7,1.00793,1.00203,0,0
14,22,1.00228,1.00575,0,0
21,50,1.00615,1.00265,0,0
8,50,1.00314,1.00583,0,0
----Generation 189--------
48,14,1.00063,1.00165,0,0
12,48,1.00314,1.00134,0,0
34,23,1.00417,1.00818,0,0
13,24,1.00497,1.00303,0,0
14,24,1.00088,1.00148,0,0
----Generation 190--------
15,34,1.00548,1.00784,0,0
27,23,1.00598,1.00732,0,0
50,9,1.00172,1.00576,0,0
13,42,1.00106,1.00744,0,0
3,19,1.00266,1.00116,0,0
----Generation 191--------
11,15,1.00488,1.00973,0,0
30,7,1.00571,1.00443,0,0
12,17,1.00519,1.00934,0,0
4,42,1.00729,1.00271,0,0
47,9,1.00166,1.0086,0,0
----Generation 192--------
38,1,1.00784,1.00198,40,4
15,38,1.00699,1.00167,40,27
16,37,1.00464,1.00101,20,36
6,5,1.00553,1.00094,0,0
14,31,1.0032,1.00486,0,0
----Generation 193--------
30,21,1.00957,1.00037,100,49
43,1,1.00984,1.00312,80,20
7,48,1.0044,1.00847,70,7
11,43,1.00317,1.00899,60,10
31,1,1.00457,1.0031,60,34
----Generation 194--------
12,3,1.00455,1.00234,65,11
18,3,1.0044,1.00793,45,11
31,8,1.00517,1.00482,25,3
48,17,1.00453,1.00547,5,2
36,34,1.00507,1.00788,0,0
----Generation 195--------
4,16,1.0078,1.00381,60,9
15,48,1.00549,1.00923,5,2
10,4,1.00457,1.00522,0,0
40,26,1.00502,1.00574,0,0
48,24,1.00893,1.00886,0,0
----Generation 196--------
9,40,1.00973,1.00572,40,8
10,4,1.00567,1.00322,20,1
21,39,1.00231,1.00547,0,49
33,37,1.00192,1.00339,0,0
19,24,1.00179,1.00993,0,0
----Generation 197--------
12,50,1.0067,1.00628,0,0
22,13,1.00593,1.00373,0,0
3,4,1.00788,1.00611,0,0
50,11,1.0035,1.00527,0,0
8,41,1.00393,1.00233,0,0
----Generation 198--------
16,20,1.00523,1.00232,0,0
1,19,1.00722,1.00381,0,0
31,1,1.00222,1.00426,0,0
27,18,1.00482,1.00817,0,0
48,5,1.0073,1.00928,0,0
----Generation 199--------
14,1,1.0027,1.00818,130,31
27,1,1.00423,1.00947,85,13
37,38,1.00947,1.00516,0,0
31,12,1.00515,1.00705,0,0
28,25,1.00726,1.0054,0,0
----Generation 200--------
4,18,1.00864,1.0097,0,0
2,23,1.00542,1.00805,0,0
34,50,1.00206,1.00511,0,0
21,30,1.0045,1.004,0,0
24,18,1.00943,1.00278,0,0
----Generation 201--------
32,34,1.00747,1.00019,120,23
14,36,1.00909,1.00148,60,25
18,27,1.00323,1.00105,20,27
34,37,1.00758,1.00013,20,62
39,3,1.00582,1.0049,15,6
----Generation 202--------
35,38,1.00008,1.00675,0,0
25,7,1.00194,1.00873,0,0
42,14,1.00661,1.00025,0,0
29,1,1.0052,1.00127,0,0
3,41,1.00982,1.00041,0,0
----Generation 203--------
49,28,1.00814,1.00375,80,4
24,6,1.00576,1.00523,60,5
46,18,1.00656,1.00383,60,9
45,12,1.00121,1.00597,40,18
34,21,1.00077,1.00593,40,10
----Generation 204--------
31,43,1.00165,1.00145,20,5
16,47,1.00513,1.00284,20,7
10,50,1.00555,1.00885,0,0
8,4,1.00353,1.00421,0,0
6,5,1.00725,1.00395,0,0
----Generation 205--------
33,44,1.00994,1.00007,0,0
17,15,1.00388,1.00634,0,0
38,31,1.00369,1.00247,0,0
32,11,1.00661,1.00507,0,0
6,15,1.00142,1.00742,0,0
----Generation 206--------
10,2,1.00749,1.00115,0,0
42,46,1.00651,1.00516,0,0
23,47,1.00081,1.00319,0,0
33,29,1.00136,1.00772,0,0
48,36,1.00489,1.00578,0,0
----Generation 207--------
33,30,1.0051,1.00581,0,0
24,23,1.0075,1.00942,0,0
36,34,1.00367,1.00077,0,0
44,44,1.00522,1.0004,0,0
41,24,1.00418,1.00441,0,0
----Generation 208--------
16,43,1.00034,1.00131,0,0
7,32,1.00717,1.00431,0,0
34,34,1.00491,1.00478,0,0
6,22,1.00459,1.00713,0,0
42,25,1.00683,1.00088,0,0
----Generation 209--------
38,50,1.00377,1.00779,0,0
50,4,1.00052,1.00525,0,0
18,12,1.00897,1.00076,0,0
30,40,1.00571,1.00843,0,0
20,1,1.0046,1.00019,0,0
----Generation 210--------
20,28,1.00898,1.00052,120,39
18,26,1.00494,1.0015,80,5
17,7,1.00785,1.00182,40,2
26,13,1.00587,1.00479,0,0
32,26,1.00315,1.00676,0,0
----Generation 211--------
30,1,1.00752,1.0038,240,64
10,1,1.00539,1.0049,225,17
36,17,1.0053,1.00849,165,24
4,1,1.00325,1.00324,140,9
8,3,1.00589,1.00282,125,16
----Generation 212--------
32,27,1.00539,1.00507,0,0
43,41,1.00589,1.00721,0,0
21,33,1.00882,1.00282,0,0
13,9,1.00316,1.00982,0,0
40,11,1.00406,1.00324,0,0
----Generation 213--------
37,39,1.00366,1.00891,0,0
28,32,1.00753,1.00992,0,0
18,10,1.00983,1.00761,0,0
19,5,1.00419,1.00789,0,0
4,31,1.0065,1.00798,0,0
----Generation 214--------
20,4,1.00141,1.00493,315,55
22,18,1.00042,1.00179,310,49
34,20,1.00171,1.00769,260,41
41,30,1.0022,1.0055,205,40
35,18,1.00467,1.00582,180,37
----Generation 215--------
46,4,1.00111,1.00582,0,0
16,22,1.00985,1.00715,0,0
4,28,1.00671,1.00769,0,0
34,27,1.00421,1.00715,0,0
41,12,1.00171,1.00112,0,0
----Generation 216--------
30,19,1.0057,1.00895,75,9
31,49,1.00305,1.00809,55,8
28,17,1.00527,1.00826,45,11
32,41,1.00776,1.00407,20,7
5,20,1.009,1.00941,20,5
----Generation 217--------
22,1,1.00928,1.00227,340,93
22,3,1.00645,1.00865,240,37
22,2,1.00647,1.00634,240,37
23,10,1.00505,1.00882,235,31
33,15,1.00749,1.00189,215,60
----Generation 218--------
29,1,1.00831,1.00178,200,18
33,1,1.00117,1.00688,65,34
19,10,1.00167,1.00227,10,4
22,37,1.00246,1.00959,0,0
12,22,1.00678,1.00882,0,0
----Generation 219--------
30,16,1.00859,1.00446,0,0
46,47,1.00592,1.00572,0,0
29,9,1.00088,1.00438,0,0
9,25,1.00722,1.00022,0,0
18,31,1.00013,1.00059,0,0
----Generation 220--------
31,6,1.00698,1.00801,0,0
50,33,1.00924,1.00846,0,0
41,20,1.00873,1.00225,0,0
11,33,1.00863,1.0031,0,0
13,26,1.00514,1.0073,0,0
----Generation 221--------
47,26,1.00821,1.00059,100,37
49,11,1.00791,1.00456,60,10
43,11,1.00848,1.00285,55,12
49,3,1.00763,1.00339,35,14
42,22,1.0073,1.00151,20,19
----Generation 222--------
4,1,1.00298,1.00047,660,119
15,22,1.00077,1.00198,120,22
22,44,1.00193,1.00928,75,9
8,48,1.00648,1.00763,70,7
13,15,1.00081,1.00571,50,6
----Generation 223--------
18,50,1.00926,1.00293,60,7
35,48,1.00514,1.00081,20,16
10,39,1.00135,1.00568,15,6
8,13,1.00437,1.00546,0,0
15,6,1.0051,1.00494,0,0
----Generation 224--------
3,22,1.008,1.00686,0,0
16,7,1.00872,1.00651,0,0
10,13,1.00546,1.00518,0,0
47,28,1.00846,1.00177,0,0
18,45,1.0021,1.00123,0,0
----Generation 225--------
45,3,1.00712,1.00321,0,0
37,26,1.00142,1.00572,0,0
27,4,1.00675,1.00675,0,0
37,26,1.00841,1.00034,0,0
13,29,1.00556,1.00885,0,0
----Generation 226--------
3,23,1.00624,1.00326,40,4
37,17,1.00184,1.00822,15,6
22,18,1.0023,1.00437,0,0
33,46,1.00464,1.00644,0,0
6,13,1.00428,1.00267,0,0
----Generation 227--------
17,21,1.00532,1.00907,0,0
40,21,1.00695,1.00645,0,0
21,42,1.00288,1.00113,0,0
21,7,1.00957,1.00472,0,0
21,37,1.00815,1.00518,0,0
----Generation 228--------
40,6,1.00974,1.00859,0,0
44,38,1.00422,1.00111,0,0
29,10,1.00218,1.00752,0,0
14,9,1.008,1.00477,0,0
46,33,1.00877,1.00999,0,0
----Generation 229--------
16,45,1.00045,1.00152,0,0
46,23,1.00733,1.00086,0,0
23,8,1.00546,1.00354,0,0
32,45,1.00437,1.00826,0,0
9,4,1.00678,1.00642,0,0
----Generation 230--------
41,32,1.0014,1.00084,0,0
19,13,1.00858,1.00902,0,0
44,4,1.00947,1.00785,0,0
27,33,1.00507,1.00127,0,0
13,41,1.00341,1.0097,0,0
----Generation 231--------
7,20,1.00883,1.00328,0,0
21,2,1.00709,1.00177,0,0
27,3,1.00722,1.00463,0,0
42,2,1.0087,1.00119,0,0
36,30,1.00036,1.00825,0,0
----Generation 232--------
21,36,1.00663,1.00995,0,0
46,30,1.00622,1.00494,0,0
25,16,1.00406,1.00594,0,0
20,27,1.00433,1.00914,0,0
12,44,1.00255,1.00463,0,0
----Generation 233--------
29,14,1.00878,1.00702,0,0
23,35,1.00876,1.00545,0,0
36,21,1.00704,1.00232,0,0
48,41,1.00557,1.00271,0,0
12,42,1.0044,1.00733,0,0
----Generation 234--------
31,29,1.00982,1.00755,0,0
28,48,1.00962,1.00802,0,0
14,23,1.00234,1.00329,0,0
33,30,1.00032,1.00284,0,0
39,9,1.00333,1.00493,0,0
----Generation 235--------
50,17,1.0096,1.00838,0,0
24,20,1.00365,1.00001,0,0
16,50,1.0077,1.00932,0,0
26,14,1.00369,1.00364,0,0
41,6,1.0066,1.00533,0,0
----Generation 236--------
34,15,1.0055,1.00076,100,25
24,11,1.009,1.00131,60,5
30,3,1.00589,1.00109,40,24
38,46,1.00522,1.00137,0,0
7,6,1.00278,1.00615,0,0
----Generation 237--------
7,4,1.00141,1.00192,410,39
34,25,1.00238,1.00763,215,23
24,3,1.00628,1.00821,210,21
38,6,1.00337,1.00801,195,29
43,10,1.00602,1.00421,140,30
----Generation 238--------
43,1,1.00238,1.00359,150,169
5,10,1.00159,1.00775,105,49
34,19,1.00675,1.00763,80,11
10,3,1.00337,1.00421,75,18
23,34,1.00238,1.00911,65,12
----Generation 239--------
5,1,1.00601,1.002,100,11
10,38,1.00262,1.00911,40,9
4,15,1.00238,1.00801,5,23
31,20,1.00238,1.00911,0,0
35,31,1.00392,1.00853,0,0
----Generation 240--------
27,3,1.00254,1.00386,5,2
35,35,1.00022,1.00554,0,0
20,36,1.00495,1.0081,0,0
21,33,1.00305,1.00671,0,0
35,32,1.00345,1.00501,0,0
----Generation 241--------
15,39,1.00827,1.00518,0,0
43,38,1.0022,1.00813,0,0
6,41,1.00731,1.00781,0,0
35,36,1.00313,1.0081,0,0
24,29,1.00714,1.00322,0,0
----Generation 242--------
30,39,1.0078,1.00979,0,0
37,11,1.00864,1.00834,0,0
32,22,1.00033,1.00509,0,0
15,11,1.00491,1.00733,0,0
15,18,1.00908,1.00254,0,0
----Generation 243--------
38,44,1.00053,1.00742,0,0
40,31,1.00269,1.00994,0,0
18,34,1.00452,1.00469,0,0
10,31,1.00763,1.00423,0,0
43,5,1.00495,1.0076,0,0
----Generation 244--------
40,30,1.00955,1.0038,0,0
10,10,1.00849,1.00116,0,0
8,26,1.00014,1.00355,0,0
42,46,1.00924,1.00523,0,0
39,44,1.00589,1.00518,0,0
----Generation 245--------
24,2,1.00932,1.00019,120,51
35,8,1.00911,1.00202,20,1
18,3,1.00348,1.00663,20,1
37,15,1.00286,1.00499,5,2
41,30,1.008,1.00873,0,0
----Generation 246--------
8,32,1.00282,1.00395,130,24
8,50,1.00282,1.00868,70,21
47,13,1.00301,1.00553,55,8
35,2,1.00558,1.00323,40,26
10,46,1.0034,1.00443,35,18
----Generation 247--------
47,24,1.00995,1.0066,0,0
44,26,1.00959,1.00322,0,0
50,31,1.00618,1.00759,0,0
44,18,1.0089,1.00549,0,0
31,11,1.0064,1.00943,0,0
----Generation 248--------
3,20,1.00393,1.00216,80,32
41,26,1.00276,1.00262,20,2
37,29,1.00131,1.00331,10,6
41,50,1.00612,1.00689,0,0
44,22,1.0041,1.00959,0,0
----Generation 249--------
41,20,1.00207,1.00252,0,0
27,29,1.00611,1.00331,0,0
38,26,1.00135,1.00216,0,0
3,14,1.00276,1.00178,0,0
41,36,1.00323,1.00262,0,0
----Generation 250--------
14,29,1.00336,1.00127,60,12
13,13,1.00027,1.00231,0,0
49,9,1.00553,1.00402,0,0
37,43,1.00943,1.00593,0,0
13,12,1.00045,1.00108,0,0
----Generation 251--------
30,9,1.0053,1.0034,0,0
4,9,1.00584,1.00877,0,0
15,5,1.00784,1.00327,0,0
30,40,1.00315,1.00266,0,0
34,17,1.00465,1.00979,0,0
----Generation 252--------
36,45,1.0054400000000001,1.00731,0,0
20,2,1.00025,1.00899,0,0
33,33,1.00516,1.00244,0,0
12,1,1.00917,1.00001,0,0
48,18,1.0083,1.00098,0,0
----Generation 253--------
43,16,1.0008,1.00463,320,93
35,6,1.00022,1.00989,235,136
36,8,1.00129,1.00658,220,95
33,7,1.00292,1.00629,220,46
50,29,1.00013,1.00717,200,115
----Generation 254--------
23,9,1.00335,1.00658,0,0
36,33,1.00256,1.00045,0,0
43,47,1.00811,1.00497,0,0
14,16,1.00323,1.00365,0,0
32,4,1.00501,1.00923,0,0
----Generation 255--------
17,1,1.00453,1.00931,0,0
23,19,1.00402,1.0042,0,0
5,20,1.00553,1.00504,0,0
23,17,1.0002,1.00794,0,0
35,50,1.00822,1.00345,0,0
----Generation 256--------
21,50,1.00754,1.00483,0,0
4,8,1.00497,1.00488,0,0
33,24,1.00573,1.00904,0,0
17,30,1.00935,1.00752,0,0
6,3,1.0003,1.00866,0,0
----Generation 257--------
19,1,1.00321,1.0006,190,68
43,4,1.00419,1.00492,105,30
26,2,1.00305,1.00922,55,29
12,7,1.00995,1.00119,40,4
33,2,1.00864,1.00775,20,1
----Generation 258--------
26,43,1.00164,1.00319,5,2
34,49,1.00362,1.00408,0,0
12,19,1.00751,1.00425,0,0
2,5,1.00723,1.00354,0,0
26,20,1.00297,1.00855,0,0
----Generation 259--------
26,10,1.00235,1.00715,0,0
38,3,1.00409,1.00534,0,0
1,25,1.0054,1.00257,0,0
30,28,1.00733,1.00827,0,0
8,30,1.00495,1.00617,0,0
----Generation 260--------
21,2,1.00091,1.00612,125,102
10,1,1.00649,1.00019,20,106
44,13,1.00788,1.00419,0,0
46,40,1.00332,1.00532,0,0
32,19,1.00619,1.00446,0,0
----Generation 261--------
30,38,1.00091,1.00449,0,0
4,3,1.00692,1.00612,0,0
40,2,1.00692,1.00612,0,0
21,3,1.0013,1.00874,0,0
48,29,1.00091,1.00612,0,0
----Generation 262--------
48,42,1.00375,1.00517,0,0
33,45,1.00771,1.00969,0,0
11,31,1.00613,1.00633,0,0
25,17,1.00347,1.00414,0,0
6,15,1.00456,1.00891,0,0
----Generation 263--------
45,49,1.00234,1.00346,0,0
24,4,1.00917,1.00071,0,0
10,5,1.00047,1.00128,0,0
6,19,1.00993,1.0005,0,0
39,38,1.00361,1.00027,0,0
----Generation 264--------
45,50,1.00668,1.0061,0,0
23,7,1.00627,1.00919,0,0
6,38,1.00294,1.00692,0,0
22,44,1.00725,1.00921,0,0
44,20,1.00913,1.0064,0,0
----Generation 265--------
1,50,1.00323,1.00545,30,5
1,50,1.0028,1.00338,30,5
3,14,1.00841,1.00198,20,2
6,14,1.0038,1.00545,5,2
11,34,1.00339,1.00382,0,0
----Generation 266--------
42,1,1.00435,1.00776,30,12
36,41,1.0006,1.00593,25,3
22,37,1.00256,1.00983,20,1
13,42,1.00864,1.00263,20,11
46,17,1.00965,1.00113,20,14
----Generation 267--------
14,47,1.00191,1.00496,80,12
32,16,1.00312,1.00819,40,2
3,40,1.00338,1.00563,25,9
30,49,1.00949,1.00859,0,0
18,45,1.00772,1.00942,0,0
----Generation 268--------
49,2,1.00851,1.00904,0,0
22,19,1.0024,1.0038,0,0
28,7,1.00756,1.00169,0,0
38,9,1.00884,1.00462,0,0
29,40,1.0004,1.00953,0,0
----Generation 269--------
16,11,1.00755,1.00912,0,0
34,31,1.00123,1.00482,0,0
8,21,1.00633,1.00885,0,0
45,42,1.00387,1.00815,0,0
28,25,1.00343,1.00758,0,0
----Generation 270--------
3,26,1.00176,1.00498,50,28
14,10,1.00892,1.00315,0,0
31,27,1.00227,1.00557,0,0
36,15,1.00335,1.00594,0,0
22,1,1.00618,1.00959,0,0
----Generation 271--------
13,42,1.00661,1.00845,0,0
38,32,1.00775,1.00128,0,0
35,21,1.00763,1.00908,0,0
21,41,1.00382,1.00486,0,0
23,27,1.00681,1.00898,0,0
----Generation 272--------
48,9,1.00288,1.00077,0,0
23,42,1.00531,1.00356,0,0
22,14,1.00991,1.00527,0,0
12,33,1.00501,1.00471,0,0
19,27,1.00686,1.00149,0,0
----Generation 273--------
48,22,1.0016,1.00837,45,4
1,28,1.00368,1.00601,0,0
33,2,1.0075,1.00823,0,0
32,16,1.0064,1.00141,0,2
4,24,1.00547,1.0069,0,0
----Generation 274--------
41,1,1.00986,1.00002,80,100
3,16,1.00436,1.00314,20,1
29,26,1.00274,1.00811,0,0
41,8,1.00684,1.00668,0,0
4,35,1.00648,1.00525,0,0
----Generation 275--------
25,1,1.00318,1.00669,0,0
21,15,1.00327,1.00986,0,0
9,47,1.00864,1.00422,0,0
7,40,1.00067,1.00218,0,0
15,19,1.00418,1.00071,0,0
----Generation 276--------
38,15,1.00309,1.00106,0,0
46,26,1.00161,1.00651,0,0
28,46,1.00077,1.00254,0,0
47,11,1.00407,1.0063,0,0
47,4,1.00758,1.00066,0,0
----Generation 277--------
1,42,1.00465,1.00522,0,0
42,40,1.0059,1.00871,0,0
40,37,1.00086,1.00901,0,0
29,50,1.00138,1.00535,0,0
35,14,1.00504,1.00793,0,0
----Generation 278--------
4,1,1.00089,1.0094,235,24
36,42,1.00074,1.00381,45,5
16,37,1.00886,1.0068,0,0
47,32,1.00431,1.006,0,0
7,33,1.00654,1.00938,0,0
----Generation 279--------
16,26,1.00609,1.00789,0,0
10,26,1.00523,1.00628,0,0
16,29,1.00785,1.00512,0,0
13,29,1.00237,1.00925,0,0
44,44,1.0083,1.00683,0,0
----Generation 280--------
13,1,1.00279,1.0084,195,29
4,44,1.00863,1.00828,35,7
6,20,1.00586,1.0037,25,11
47,28,1.00356,1.00261,20,29
30,38,1.00403,1.00448,0,0
----Generation 281--------
27,31,1.00254,1.00891,0,0
31,8,1.00979,1.00499,0,0
6,38,1.00769,1.00857,0,0
31,42,1.00231,1.00595,0,0
50,8,1.0052,1.00248,0,0
----Generation 282--------
6,49,1.00795,1.00952,55,8
5,31,1.00614,1.00532,30,13
29,34,1.00436,1.00194,0,0
12,8,1.00823,1.00509,0,0
43,21,1.00914,1.00671,0,0
----Generation 283--------
45,21,1.00305,1.00052,0,0
50,49,1.00856,1.00388,0,0
14,27,1.00949,1.00692,0,0
4,33,1.00795,1.00196,0,0
26,41,1.00225,1.00056,0,0
----Generation 284--------
17,16,1.005,1.00684,0,0
32,47,1.00768,1.00156,0,0
22,21,1.00861,1.00685,0,0
26,19,1.00507,1.00266,0,0
41,2,1.00945,1.00136,0,0
----Generation 285--------
11,37,1.00204,1.00495,30,20
30,21,1.00112,1.00185,30,19
14,42,1.00357,1.00677,20,1
34,19,1.00286,1.00481,15,13
37,6,1.00445,1.0098799999999999,10,11
----Generation 286--------
44,2,1.00373,1.00869,0,0
40,19,1.00108,1.00837,0,0
44,36,1.00716,1.00941,0,0
3,49,1.00525,1.00777,0,0
33,12,1.00346,1.00098,0,0
----Generation 287--------
9,19,1.00801,1.00197,20,3
45,50,1.00659,1.00913,0,0
13,21,1.00654,1.005,0,0
48,40,1.00751,1.00295,0,0
1,9,1.00902,1.00889,0,0
----Generation 288--------
34,39,1.00242,1.00514,0,0
9,26,1.00177,1.00219,0,0
3,19,1.00107,1.00617,0,0
48,29,1.00624,1.00286,0,0
18,35,1.00745,1.0076,0,0
----Generation 289--------
48,23,1.0052,1.00766,0,0
37,42,1.00766,1.00431,0,0
23,33,1.00327,1.00189,0,0
28,27,1.00906,1.00669,0,0
17,15,1.00598,1.00776,0,0
----Generation 290--------
3,23,1.00261,1.00141,0,0
25,37,1.00349,1.00154,0,0
12,18,1.00575,1.00969,0,0
4,24,1.00971,1.00568,0,0
37,18,1.00718,1.00192,0,0
----Generation 291--------
1,48,1.0068,1.00469,0,0
15,15,1.00791,1.0097,0,0
30,21,1.00329,1,0,0
9,9,1.00696,1.00876,0,0
20,39,1.0075,1.00819,0,0
----Generation 292--------
22,1,1.0037,1.00109,0,0
1,23,1.0044,1.00505,0,0
3,27,1.00776,1.00719,0,0
39,7,1.00516,1.00114,0,0
7,24,1.00853,1.00186,0,0
----Generation 293--------
20,34,1.00352,1.00199,140,23
13,42,1.00315,1.00478,120,10
25,44,1.00204,1.00298,100,13
23,42,1.00485,1.00166,80,36
16,1,1.00773,1.00601,40,2
----Generation 294--------
46,8,1.00761,1.00886,0,0
12,1,1.00725,1.00001,0,0
30,14,1.0016,1.00058,0,0
45,22,1.00293,1.00192,0,0
44,38,1.00101,1.00542,0,0
----Generation 295--------
31,48,1.00048,1.00128,0,0
43,18,1.00946,1.00789,0,0
12,20,1.00401,1.00898,0,0
41,6,1.00969,1.0014,0,0
39,24,1.00382,1.00172,0,0
----Generation 296--------
48,32,1.00946,1.00015,40,40
10,47,1.00187,1.00815,20,9
29,20,1.00128,1.00657,20,1
11,18,1.00213,1.00387,15,6
38,31,1.00233,1.00477,0,0
----Generation 297--------
16,42,1.00159,1.00267,0,0
30,1,1.0068,1.00669,0,0
42,8,1.00752,1.00097,0,0
33,20,1.00414,1.00221,0,0
5,48,1.00802,1.00432,0,0
----Generation 298--------
43,3,1.00455,1.00029,45,46
6,1,1.00374,1.00478,40,2
21,9,1.00531,1.00074,20,46
10,19,1.00519,1.00177,20,3
11,6,1.00215,1.0065,20,1
----Generation 299--------
35,1,1.00242,1.0046,5,23
30,39,1.00815,1.00489,0,0
24,4,1.00682,1.00714,0,0
22,24,1.0092,1.00281,0,0
49,17,1.00973,1.0019,0,0
----Generation 300--------
41,3,1.00456,1.00657,95,19
42,8,1.00243,1.00225,55,52
19,40,1.00205,1.00419,10,6
16,29,1.00196,1.00771,5,2
27,27,1.0051,1.00006,0,0
----Generation 301--------
43,23,1.00059,1.00507,185,95
19,36,1.00303,1.00361,80,4
6,45,1.00517,1.00704,75,9
9,21,1.00271,1.00856,55,8
7,45,1.00801,1.00763,30,5
----Generation 302--------
30,45,1.00117,1.00226,0,0
45,35,1.00251,1.0036,0,0
3,9,1.00875,1.00778,0,0
35,36,1.00734,1.00532,0,0
41,23,1.00865,1.00537,0,0
----Generation 303--------
6,31,1.00987,1.00461,0,0
1,23,1.0017,1.0057,0,0
17,2,1.00993,1.00215,0,0
41,6,1.00818,1.0008,0,0
26,4,1.00901,1.00136,0,0
----Generation 304--------
17,1,1.00023,1.00626,390,134
23,2,1.00341,1.00121,265,156
31,16,1.00271,1.00454,150,39
35,18,1.00146,1.00481,135,40
9,2,1.00011,1.00265,135,199
----Generation 305--------
31,9,1.00624,1.00161,40,2
18,2,1.00499,1.00322,40,2
9,1,1.00207,1.00442,30,5
28,23,1.00341,1.00121,0,0
39,1,1.0067,1.00454,0,0
----Generation 306--------
45,15,1.00324,1.00492,0,0
15,45,1.00791,1.00436,0,0
12,18,1.00941,1.00438,0,0
9,50,1.00627,1.0036,0,0
8,38,1.00039,1.00213,0,0
----Generation 307--------
26,15,1.00217,1.00442,0,0
50,12,1.00255,1.00762,0,0
21,7,1.00623,1.00523,0,0
41,42,1.00467,1.00295,0,0
50,21,1.00148,1.00447,0,0
----Generation 308--------
43,45,1.0054400000000001,1.0037,0,0
50,46,1.00152,1.00898,0,0
13,30,1.00564,1.00231,0,0
27,7,1.00855,1.00631,0,0
35,35,1.00647,1.00864,0,0
----Generation 309--------
41,20,1.00318,1.00191,0,0
41,46,1.00001,1.00261,0,0
39,18,1.00963,1.00439,0,0
11,24,1.00911,1.00874,0,0
1,18,1.00462,1.00295,0,0
----Generation 310--------
1,22,1.00686,1.00419,0,0
29,20,1.00732,1.00202,0,0
27,28,1.00706,1.00889,0,0
12,20,1.00136,1.00747,0,0
34,39,1.00157,1.00367,0,0
----Generation 311--------
15,30,1.00171,1.00999,25,17
32,12,1.00326,1.00341,20,1
2,27,1.00536,1.00873,20,1
22,24,1.00054,1.00294,10,4
6,28,1.00748,1.00618,0,0
----Generation 312--------
12,49,1.00884,1.00925,20,1
48,6,1.00945,1.00524,20,8
11,2,1.00862,1.00217,20,7
20,11,1.00185,1.00461,5,37
25,38,1.00942,1.0098,0,0
----Generation 313--------
28,4,1.00496,1.00568,0,0
47,47,1.00122,1.00536,0,0
28,33,1.00666,1.00991,0,0
37,5,1.00414,1.00701,0,0
30,18,1.00038,1.00092,0,0
----Generation 314--------
44,36,1.00996,1.0082,0,0
2,38,1.00012,1.00668,0,0
26,45,1.00031,1.00715,0,0
40,12,1.00444,1.00824,0,0
50,27,1.00741,1.00471,0,0
----Generation 315--------
20,47,1.00126,1.00084,60,40
9,13,1.00151,1.00669,45,4
49,43,1.00673,1.00077,20,1
25,6,1.00363,1.00059,5,29
1,4,1.00527,1.00796,0,0
----Generation 316--------
10,43,1.00819,1.00959,0,0
15,14,1.00284,1.00361,0,0
33,44,1.00685,1.00772,0,0
36,16,1.00876,1.00962,0,0
49,34,1.00149,1.00517,0,0
----Generation 317--------
24,37,1.00763,1.00159,40,2
17,50,1.00298,1.00355,20,3
15,36,1.00547,1.00747,0,0
42,40,1.00333,1.0098,0,0
44,39,1.00994,1.00814,0,0
----Generation 318--------
4,41,1.00091,1.00595,0,0
10,9,1.00511,1.004,0,0
4,34,1.00254,1.00315,0,0
9,22,1.00336,1.00024,0,0
19,27,1.00873,1.00207,0,0
----Generation 319--------
8,45,1.0082,1.00839,85,28
22,40,1.00575,1.00152,60,65
24,15,1.00429,1.00287,55,21
10,40,1.00569,1.00737,45,38
17,23,1.00471,1.00143,40,18
----Generation 320--------
2,33,1.00575,1.00886,0,0
42,45,1.00533,1.00633,0,0
48,30,1.00952,1.00365,0,0
9,5,1.00575,1.00287,0,0
6,41,1.00471,1.00365,0,0
----Generation 321--------
8,1,1.00174,1.00222,510,53
31,4,1.00232,1.00291,15,57
16,10,1.00422,1.00899,0,0
30,12,1.00414,1.00434,0,0
25,9,1.00356,1.00878,0,0
----Generation 322--------
29,21,1.00833,1.00835,0,0
6,10,1.00964,1.00059,0,0
35,46,1.00636,1.00169,0,0
18,22,1.00704,1.00526,0,0
32,4,1.00458,1.00734,0,0
----Generation 323--------
22,1,1.00761,1.00363,60,5
16,33,1.00889,1.0083,0,0
45,3,1.00258,1.00837,0,0
25,31,1.00802,1.00233,0,0
14,43,1.00378,1.00903,0,0
----Generation 324--------
20,10,1.00743,1.00472,0,0
49,46,1.00847,1.00184,0,0
50,29,1.00563,1.00243,0,0
30,31,1.00308,1.0021,0,0
23,42,1.00834,1.00211,0,0
----Generation 325--------
30,31,1.00196,1.00102,0,0
12,30,1.00118,1.00484,0,0
40,39,1.00548,1.00244,0,0
30,38,1.00373,1.00225,0,0
38,19,1.00467,1.00402,0,0
----Generation 326--------
18,2,1.00969,1.00829,0,0
43,6,1.00979,1.00874,0,0
3,14,1.00721,1.00304,0,0
19,49,1.00891,1.00557,0,0
8,29,1.00363,1.00434,0,0
----Generation 327--------
45,21,1.00571,1.00241,0,0
19,2,1.00819,1.00839,0,0
40,3,1.0063,1.0015,0,0
12,16,1.00736,1.00412,0,0
20,23,1.00605,1.00831,0,0
----Generation 328--------
18,39,1.005,1.00022,0,0
37,18,1.00661,1.00799,0,0
27,23,1.00397,1.00348,0,0
43,19,1.00046,1.00852,0,0
21,43,1.00426,1.00902,0,0
----Generation 329--------
15,42,1.00084,1.00106,0,0
32,43,1.00742,1.00375,0,0
24,27,1.00414,1.00379,0,0
14,37,1.00628,1.00489,0,0
35,50,1.0086,1.0096,0,0
----Generation 330--------
9,22,1.00092,1.00214,30,26
10,18,1.00213,1.00711,20,1
45,32,1.00095,1.00372,20,8
38,24,1.00088,1.00463,10,11
39,27,1.00931,1.00152,0,0
----Generation 331--------
34,3,1.0096,1.00913,0,0
7,4,1.00625,1.00474,0,0
26,40,1.00341,1.00655,0,0
8,5,1.00195,1.0096,0,0
16,21,1.00538,1.00722,0,0
----Generation 332--------
12,7,1.00048,1.00893,70,23
24,4,1.00199,1.00379,45,11
27,5,1.00321,1.00221,35,9
17,9,1.00117,1.0061,20,8
41,11,1.00447,1.00794,5,2
----Generation 333--------
29,45,1.00763,1.00533,0,0
15,42,1.00079,1.00767,0,0
8,27,1.00646,1.00122,0,0
21,43,1.0033,1.00664,0,0
38,11,1.00076,1.00252,0,0
----Generation 334--------
40,45,1.00027,1.00146,5,4
4,10,1.00391,1.00694,0,0
28,33,1.00823,1.00098,0,0
24,20,1.00874,1.00439,0,0
48,47,1.00046,1.00335,0,0
----Generation 335--------
21,17,1.00027,1.00146,25,11
40,45,1.00534,1.00065,0,0
40,26,1.00196,1.00146,0,0
40,45,1.0015,1.00898,0,0
39,45,1.00798,1.00146,0,0
----Generation 336--------
41,28,1.00432,1.00175,40,10
6,17,1.00375,1.00803,30,5
1,48,1.00892,1.00942,25,3
4,12,1.00234,1.00273,20,8
9,35,1.00448,1.00593,20,8
----Generation 337--------
6,30,1.00413,1.00678,0,0
50,26,1.00048,1.0052,0,0
4,10,1.0021,1.00826,0,0
2,40,1.0068,1.0084,0,0
13,24,1.00315,1.00549,0,0
----Generation 338--------
39,33,1.00422,1.00626,0,0
21,46,1.00313,1.00826,0,0
1,28,1.00483,1.00369,0,0
6,14,1.00265,1.00837,0,0
37,36,1.00484,1.00023,0,0
----Generation 339--------
16,22,1.00338,1.00016,0,0
50,39,1.00195,1.00443,0,0
20,36,1.00691,1.00996,0,0
25,5,1.00217,1.00283,0,0
46,31,1.00209,1.00129,0,0
----Generation 340--------
3,1,1.00871,1.00141,60,3
13,50,1.00365,1.00986,5,2
33,49,1.00128,1.00561,5,9
30,12,1.00904,1.00416,0,0
35,35,1.00566,1.00293,0,0
----Generation 341--------
14,24,1.00161,1.00424,35,14
40,21,1.00622,1.00322,20,3
20,27,1.00494,1.00154,20,5
19,36,1.00597,1.00976,0,0
21,33,1.00397,1.00334,0,0
----Generation 342--------
38,41,1.00877,1.00915,0,0
11,1,1.0083,1.00181,0,0
36,8,1.00827,1.00571,0,0
18,21,1.00259,1.0012,0,0
32,44,1.00859,1.00517,0,0
----Generation 343--------
41,14,1.00634,1.00894,0,0
24,40,1.00624,1.00054,0,0
18,21,1.00721,1.00239,0,0
4,4,1.00893,1.0058,0,0
7,5,1.00999,1.00154,0,0
----Generation 344--------
50,24,1.00711,1.00286,60,11
44,11,1.00297,1.00508,60,10
5,15,1.00477,1.00206,20,9
49,30,1.00212,1.00852,20,1
47,50,1.00671,1.00348,0,0
----Generation 345--------
3,27,1.00511,1.00796,5,9
16,31,1.00812,1.004,0,0
42,44,1.00353,1.00494,0,0
44,14,1.00803,1.00379,0,28
35,37,1.00297,1.00765,0,0
----Generation 346--------
5,1,1.00232,1.00285,0,0
49,37,1.00717,1.00753,0,0
49,32,1.00973,1.00248,0,0
50,38,1.00485,1.00669,0,0
11,2,1.00354,1.00133,0,0
----Generation 347--------
3,2,1.0002,1.00625,430,83
47,1,1.00393,1.00769,130,31
43,23,1.00545,1.00182,80,14
22,1,1.00521,1.00888,80,4
25,5,1.00193,1.00796,60,31
----Generation 348--------
3,34,1.00117,1.00174,0,0
18,23,1.00585,1.00746,0,0
48,23,1.00803,1.00309,0,0
11,22,1.00931,1.0014,0,0
14,33,1.00466,1.0041,0,0
----Generation 349--------
45,36,1.00834,1.00565,0,0
28,13,1.001,1.00678,0,0
24,14,1.00131,1.00647,0,0
5,3,1.00832,1.00497,0,0
5,29,1.00246,1.00427,0,0
----Generation 350--------
7,24,1.00975,1.00997,0,0
42,9,1.00882,1.00137,0,0
18,20,1.00733,1.00321,0,0
27,26,1.00395,1.00056,0,0
1,42,1.00776,1.00545,0,0
----Generation 351--------
31,35,1.00388,1.00264,0,0
23,37,1.00925,1.00429,0,0
20,32,1.00684,1.00999,0,0
23,28,1.00674,1.00901,0,0
25,49,1.00658,1.00866,0,0
----Generation 352--------
39,50,1.00576,1.00661,0,0
37,34,1.0044,1.00139,0,0
7,11,1.00137,1.00316,0,0
31,12,1.00149,1.00324,0,0
22,7,1.00382,1.00981,0,0
----Generation 353--------
13,31,1.00952,1.00158,20,5
41,21,1.00966,1.0019,20,2
6,20,1.00676,1.00043,20,33
22,17,1.00982,1.00758,0,0
22,21,1.00239,1.00088,0,0
----Generation 354--------
16,36,1.00128,1.00445,45,19
10,32,1.00197,1.00715,30,5
49,22,1.00068,1.00969,10,31
10,39,1.00217,1.00268,5,14
16,15,1.00169,1.00797,0,0
----Generation 355--------
47,40,1.00464,1.00264,0,0
31,37,1.00422,1.00942,0,0
18,23,1.00033,1.00594,0,0
38,3,1.00684,1.00147,0,0
41,5,1.00623,1.00999,0,0
----Generation 356--------
37,8,1.00612,1.00813,0,0
49,45,1.00336,1.00361,0,0
8,14,1.00767,1.00813,0,0
36,43,1.00112,1.00382,0,0
25,6,1.00896,1.00392,0,0
----Generation 357--------
22,44,1.00109,1.00301,0,0
7,45,1.00859,1.00195,0,0
46,43,1.00741,1.00849,0,0
39,1,1.00401,1.00468,0,0
16,33,1.00024,1.00383,0,0
----Generation 358--------
41,1,1.00295,1.00383,0,0
16,41,1.00597,1.00495,0,0
38,45,1.00339,1.00672,0,0
24,20,1.00616,1.00079,0,0
15,46,1.00644,1.00391,0,0
----Generation 359--------
2,46,1.00557,1.0031,20,5
18,27,1.00101,1.00253,5,2
31,35,1.00073,1.00567,5,2
37,49,1.00292,1.00618,0,0
33,2,1.0082,1.00752,0,0
----Generation 360--------
4,31,1.00496,1.00741,40,9
9,33,1.00214,1.00835,35,14
8,27,1.00487,1.00808,30,5
15,39,1.00938,1.00196,20,5
5,46,1.00439,1.00967,10,11
----Generation 361--------
46,5,1.00753,1.00463,0,0
39,50,1.00821,1.00226,0,0
16,2,1.00305,1.00001,0,0
20,40,1.00504,1.00083,0,0
46,46,1.00262,1.00002,0,0
----Generation 362--------
28,1,1.00283,1.00866,45,11
8,25,1.00938,1.00423,20,1
33,8,1.00679,1.00246,20,3
40,39,1.00575,1.00044,0,0
6,27,1.00373,1.00486,0,2
----Generation 363--------
21,26,1.00023,1.00105,75,26
35,37,1.00924,1.00024,40,3
29,37,1.00292,1.00819,0,0
22,43,1.00774,1.00349,0,0
11,13,1.00352,1.00826,0,0
----Generation 364--------
14,5,1.00043,1.00159,0,0
32,38,1.00767,1.0037,0,0
25,9,1.00117,1.00781,0,0
44,25,1.00489,1.00682,0,0
18,38,1.00657,1.0034,0,0
----Generation 365--------
39,14,1.00421,1.00216,0,0
40,47,1.00458,1.00815,0,0
38,8,1.00821,1.00993,0,0
16,46,1.00377,1.00723,0,0
20,25,1.00556,1.00696,0,0
----Generation 366--------
24,37,1.00528,1.00308,0,0
35,44,1.0098799999999999,1.00635,0,0
7,39,1.00585,1.00378,0,0
33,36,1.00018,1.00434,0,0
23,49,1.00952,1.00834,0,0
----Generation 367--------
37,15,1.00337,1.00844,0,0
35,24,1.00379,1.00233,0,0
40,10,1.00455,1.00036,0,0
13,23,1.00868,1.00003,0,0
1,29,1.00286,1.00476,0,0
----Generation 368--------
36,47,1.00124,1.00679,0,0
19,1,1.00084,1.00477,0,0
25,19,1.00201,1.00389,0,0
26,29,1.0062,1.00882,0,0
24,4,1.00955,1.00829,0,0
----Generation 369--------
17,43,1.0012,1.00211,120,18
29,47,1.00975,1.00271,80,4
27,37,1.00921,1.00207,40,8
15,45,1.00616,1.00559,20,1
37,48,1.00338,1.00701,0,0
----Generation 370--------
24,11,1.00287,1.00945,0,0
38,24,1.00067,1.00625,0,0
34,12,1.00628,1.00399,0,0
46,22,1.00941,1.00088,0,0
23,7,1.00646,1.00116,0,0
----Generation 371--------
35,15,1.00614,1.00363,0,0
6,47,1.00396,1.00522,0,0
50,48,1.00054,1.00533,0,0
25,15,1.00636,1.00218,0,0
14,33,1.00042,1.00432,0,0
----Generation 372--------
39,1,1.00583,1.00767,0,0
39,42,1.00255,1.00134,0,0
1,16,1.00323,1.00606,0,0
5,30,1.00201,1.00546,0,0
12,41,1.00196,1.00941,0,0
----Generation 373--------
12,1,1.00194,1.00825,85,13
3,45,1.00816,1.00494,30,5
29,16,1.00836,1.00246,20,5
5,16,1.00246,1.00345,20,8
8,24,1.00198,1.00486,15,13
----Generation 374--------
18,1,1.00543,1.00272,105,37
37,14,1.00314,1.0027,30,27
39,31,1.00139,1.00903,20,8
11,4,1.00306,1.00811,10,4
36,44,1.00509,1.00587,0,0
----Generation 375--------
7,13,1.00844,1.00464,0,0
36,30,1.00337,1.00877,0,0
30,44,1.00397,1.00474,0,0
33,46,1.00453,1.00828,0,0
25,37,1.0001,1.00382,0,0
----Generation 376--------
26,1,1.00289,1.00963,40,9
21,14,1.00214,1.00527,0,0
47,36,1.0072,1.00398,0,0
43,37,1.00365,1.00684,0,0
15,7,1.00182,1.00527,0,0
----Generation 377--------
3,13,1.00446,1.00091,0,0
35,28,1.00682,1.00867,0,0
50,2,1.00714,1.00679,0,0
30,49,1.00905,1.00555,0,0
14,16,1.00711,1.00485,0,0
----Generation 378--------
31,27,1.00405,1.00685,0,0
45,41,1.00753,1.00398,0,0
4,43,1.00724,1.00402,0,0
13,27,1.00929,1.00132,0,0
28,40,1.00202,1.00435,0,0
----Generation 379--------
31,20,1.00362,1.00368,0,0
46,17,1.00011,1.00997,0,0
48,7,1.00417,1.00143,0,0
34,47,1.00718,1.00655,0,0
10,21,1.00779,1.00795,0,0
----Generation 380--------
24,2,1.0045,1.00922,45,11
6,44,1.00298,1.00285,10,50
27,37,1.00395,1.00862,0,0
48,42,1.0078,1.0012,0,0
8,43,1.00895,1.00938,0,0
----Generation 381--------
30,35,1.00444,1.00089,60,3
20,14,1.0068,1.00194,40,6
8,31,1.00524,1.0098799999999999,35,7
16,2,1.00526,1.00758,20,3
34,5,1.00889,1.00525,20,13
----Generation 382--------
38,2,1.00279,1.00741,45,4
34,40,1.00615,1.00232,0,0
8,19,1.00521,1.00206,0,0
37,50,1.00453,1.00697,0,0
28,22,1.00787,1.00388,0,0
----Generation 383--------
45,7,1.00481,1.00862,25,3
33,2,1.00963,1.00369,0,14
34,33,1.00843,1.00196,0,0
43,30,1.00547,1.00869,0,0
45,42,1.0059,1.00399,0,0
----Generation 384--------
41,45,1.00989,1.00682,0,0
20,10,1.0092,1.00396,0,0
10,35,1.00633,1.00444,0,0
48,25,1.00923,1.00674,0,0
17,39,1.00068,1.00501,0,0
----Generation 385--------
22,48,1.0041,1.00046,20,37
44,4,1.00581,1.00108,20,22
16,41,1.00312,1.00595,0,0
5,16,1.00284,1.0046,0,0
45,17,1.00601,1.00288,0,0
----Generation 386--------
1,21,1.00458,1.00726,40,9
33,15,1.00182,1.00353,40,4
7,35,1.00578,1.00375,35,7
10,20,1.0024,1.00667,35,7
1,31,1.00845,1.00928,20,1
----Generation 387--------
40,38,1.00643,1.00851,0,0
7,43,1.00047,1.0034,0,0
33,39,1.00957,1.00144,0,0
30,21,1.00277,1.00168,0,0
44,41,1.00512,1.00948,0,0
----Generation 388--------
2,14,1.00465,1.00628,0,0
12,21,1.00492,1.00681,0,0
46,28,1.00989,1.00143,0,0
15,41,1.00263,1.00894,0,0
40,9,1.00831,1.00416,0,0
----Generation 389--------
17,43,1.00153,1.004,0,0
44,6,1.00932,1.00963,0,0
24,3,1.00675,1.00185,0,0
50,48,1.00251,1.00635,0,0
47,21,1.00604,1.00474,0,0
----Generation 390--------
32,18,1.00069,1.00099,0,0
6,14,1.00921,1.00445,0,0
1,38,1.0068,1.00625,0,0
5,13,1.00394,1.00507,0,0
45,31,1.00687,1.00433,0,0
----Generation 391--------
45,33,1.00402,1.00149,0,0
5,13,1.00984,1.00698,0,0
39,44,1.00858,1.00652,0,0
27,46,1.00099,1.00161,0,0
4,33,1.00285,1.00659,0,0
----Generation 392--------
22,28,1.00815,1.00678,0,0
31,28,1.00857,1.0006,0,0
15,14,1.00265,1.00234,0,0
48,33,1.00023,1.00421,0,0
40,15,1.00871,1.00926,0,0
----Generation 393--------
29,21,1.0098799999999999,1.00199,0,0
18,15,1.00865,1.00766,0,0
27,26,1.00251,1.00889,0,0
6,8,1.00127,1.00421,0,0
9,24,1.00692,1.00874,0,0
----Generation 394--------
47,32,1.00906,1.00914,0,0
8,28,1.00692,1.00311,0,0
28,42,1.00475,1.00931,0,0
50,29,1.0048,1.0064,0,0
43,27,1.0059,1.00482,0,0
----Generation 395--------
17,1,1.00295,1.00316,115,19
11,8,1.00974,1.00068,40,20
32,5,1.00945,1.00356,20,3
24,39,1.0013,1.00383,15,13
25,44,1.00236,1.00441,5,2
----Generation 396--------
37,7,1.00287,1.00366,0,0
25,29,1.00876,1.00322,0,0
2,4,1.00152,1.00173,0,0
13,24,1.00045,1.00568,0,0
38,25,1.006,1.00627,0,0
----Generation 397--------
10,44,1.00743,1.00446,0,0
6,30,1.00563,1.00827,0,0
7,31,1.00854,1.00895,0,0
44,3,1.00126,1.00692,0,0
13,19,1.00747,1.00782,0,0
----Generation 398--------
32,22,1.00787,1.00503,0,0
19,33,1.00321,1.00774,0,0
46,9,1.0063,1.00169,0,0
11,28,1.0046,1.00866,0,0
43,13,1.00127,1.00146,0,0
----Generation 399--------
17,2,1.00951,1.00657,0,0
1,48,1.00838,1.00402,0,0
8,14,1.00725,1.00595,0,0
44,3,1.00548,1.00241,0,0
28,37,1.00725,1.00438,0,0
----Generation 400--------
28,40,1.00145,1.00728,70,8
7,18,1.00245,1.00855,65,5
13,24,1.00674,1.0077,0,0
6,49,1.00918,1.00633,0,0
17,23,1.00479,1.00277,0,0
----Generation 401--------
47,8,1.00608,1.00413,0,0
24,8,1.00978,1.00742,0,0
40,13,1.00604,1.00337,0,0
1,34,1.00773,1.00392,0,0
17,9,1.0001,1.00046,0,0
----Generation 402--------
47,39,1.00494,1.00713,0,0
5,43,1.00729,1.00803,0,0
37,36,1.00424,1.00179,0,0
42,49,1.00308,1.00025,0,0
27,46,1.00098,1.00038,0,0
----Generation 403--------
20,4,1.00406,1.0092,95,10
50,16,1.00947,1.00257,80,10
13,33,1.00288,1.00935,30,12
36,22,1.00256,1.00355,25,3
1,4,1.00315,1.00739,5,2
----Generation 404--------
19,21,1.00206,1.00761,0,0
12,49,1.00352,1.00898,0,0
18,25,1.00975,1.00807,0,0
22,37,1.0059,1.00661,0,0
16,33,1.00947,1.00117,0,0
----Generation 405--------
28,45,1.00714,1.00112,40,6
39,4,1.00402,1.00679,10,4
36,26,1.00774,1.00352,0,0
34,43,1.00464,1.00102,0,0
23,35,1.00498,1.00496,0,0
----Generation 406--------
26,7,1.00384,1.00822,260,41
25,4,1.0049,1.00879,220,41
23,4,1.00665,1.0061,205,37
26,19,1.00076,1.00843,185,46
28,7,1.00323,1.00505,170,44
----Generation 407--------
43,11,1.00236,1.0057,65,5
43,10,1.00222,1.00802,55,8
46,3,1.00323,1.00174,20,17
30,4,1.00412,1.00879,0,0
33,19,1.00249,1.00263,0,0
----Generation 408--------
28,10,1.00725,1.00551,0,0
23,46,1.00273,1.00129,0,0
37,36,1.00935,1.00455,0,0
30,36,1.00946,1.00366,0,0
49,5,1.00315,1.00789,0,0
----Generation 409--------
32,20,1.00051,1.00796,0,0
47,31,1.00313,1.00469,0,0
8,6,1.00285,1.00718,0,0
20,3,1.00528,1.00535,0,0
3,2,1.00189,1.00682,0,0
----Generation 410--------
40,10,1.00881,1.00245,40,3
23,7,1.00015,1.00386,40,59
7,43,1.00225,1.00262,35,7
4,44,1.0028,1.00362,25,3
50,11,1.00984,1.00297,20,1
----Generation 411--------
15,28,1.00218,1.00255,20,1
3,12,1.00948,1.00962,0,0
35,17,1.00881,1.00362,0,0
27,34,1.0087,1.00577,0,0
23,41,1.00929,1.00466,0,0
----Generation 412--------
26,8,1.00918,1.00958,0,0
12,23,1.00882,1.0088,0,0
12,33,1.00786,1.00015,0,0
18,8,1.00003,1.00698,0,0
45,48,1.00511,1.00664,0,0
----Generation 413--------
19,1,1.00276,1.00973,25,3
14,28,1.00664,1.00079,20,10
29,35,1.00244,1.00358,0,0
15,49,1.00464,1.00428,0,0
18,47,1.00266,1.0098,0,0
----Generation 414--------
15,15,1.00331,1.00244,0,0
11,31,1.0053,1.00064,0,0
31,45,1.00739,1.00603,0,0
19,46,1.00784,1.00128,0,0
22,6,1.00426,1.00083,0,0
----Generation 415--------
39,13,1.00605,1.00186,40,2
49,15,1.0083,1.00028,20,32
11,46,1.00629,1.00976,0,0
28,28,1.00889,1.00886,0,0
16,1,1.00663,1.00965,0,0
----Generation 416--------
39,39,1.00532,1.00579,0,0
17,44,1.00567,1.00115,0,0
15,12,1.00248,1.0065,0,0
20,45,1.00561,1.00197,0,0
14,27,1.00612,1.00047,0,0
----Generation 417--------
7,12,1.00145,1.00335,40,2
15,40,1.00144,1.0024,40,10
18,2,1.00566,1.00206,20,13
3,46,1.00386,1.0098799999999999,5,2
1,24,1.00665,1.00756,0,0
----Generation 418--------
30,7,1.00279,1.0083,140,28
47,30,1.00668,1.00236,60,6
42,33,1.00497,1.00092,40,7
39,30,1.00588,1.00618,0,0
29,30,1.00345,1.00818,0,0
----Generation 419--------
18,1,1.00232,1.00551,175,42
10,28,1.0029,1.00604,10,4
32,23,1.0068,1.00142,0,0
20,12,1.00948,1.0046,0,0
44,28,1.00421,1.00897,0,0
----Generation 420--------
22,5,1.00313,1.00475,115,18
31,24,1.00176,1.00091,35,17
42,3,1.00513,1.00461,35,7
45,24,1.00511,1.00637,25,3
21,1,1.00724,1.00807,25,3
----Generation 421--------
23,33,1.00825,1.00103,60,6
48,1,1.00225,1.00347,45,10
11,35,1.0077,1.00387,20,1
31,50,1.00322,1.00803,0,0
15,39,1.0086,1.00925,0,0
----Generation 422--------
10,13,1.00348,1.00168,0,0
20,45,1.00376,1.00221,0,0
31,45,1.00248,1.00403,0,0
4,24,1.00089,1.00498,0,0
28,15,1.00017,1.00704,0,0
----Generation 423--------
12,39,1.00808,1.0066,0,0
21,4,1.00245,1.00965,0,0
22,39,1.00941,1.00098,0,0
49,36,1.00479,1.00749,0,0
11,5,1.00109,1.00851,0,0
----Generation 424--------
21,41,1.00525,1.0045,0,0
17,35,1.00392,1.00405,0,0
28,2,1.0056,1.00498,0,0
10,25,1.00808,1.00612,0,0
28,6,1.00516,1.00388,0,0
----Generation 425--------
22,46,1.0043,1.00621,0,0
19,46,1.00495,1.00036,0,0
36,22,1.00336,1.00067,0,0
32,27,1.00385,1.00789,0,0
49,4,1.00182,1.00982,0,0
----Generation 426--------
18,44,1.00261,1.0017,120,13
23,45,1.00536,1.00276,100,5
36,47,1.00528,1.00075,80,7
26,45,1.00734,1.00382,80,4
29,47,1.00938,1.00267,80,4
----Generation 427--------
47,9,1.00619,1.00191,40,2
39,20,1.00753,1.00659,0,0
14,41,1.00217,1.00562,0,0
38,44,1.00552,1.00679,0,0
44,10,1.0076,1.0039,0,0
----Generation 428--------
24,4,1.00374,1.00571,0,0
23,5,1.00217,1.00637,0,0
21,10,1.00953,1.00918,0,0
38,21,1.00516,1.0071,0,0
26,41,1.00353,1.00107,0,0
----Generation 429--------
20,22,1.00603,1.0028,0,0
43,10,1.00826,1.00193,0,0
41,27,1.00838,1.00723,0,0
26,9,1.00703,1.00456,0,0
44,14,1.0073,1.00654,0,0
----Generation 430--------
26,3,1.00266,1.00503,0,0
27,29,1.00611,1.0063,0,0
29,26,1.00854,1.00097,0,0
6,49,1.00498,1.00771,0,0
22,38,1.0009,1.00601,0,0
----Generation 431--------
38,7,1.00726,1.00026,40,30
4,3,1.00032,1.0073,15,20
33,5,1.00331,1.00666,0,0
14,5,1.00714,1.00289,0,0
44,2,1.00847,1.00822,0,0
----Generation 432--------
24,7,1.00485,1.00571,220,41
15,2,1.00781,1.00163,180,74
30,7,1.00685,1.00689,175,35
49,33,1.00005,1.00725,165,58
30,17,1.00092,1.00772,150,47
----Generation 433--------
47,48,1.00189,1.00751,0,0
5,49,1.00582,1.00881,0,0
28,15,1.00469,1.00356,0,0
14,26,1.0081,1.0065,0,0
12,48,1.00813,1.00405,0,0
----Generation 434--------
25,13,1.00592,1.00879,0,0
22,29,1.00214,1.00769,0,0
10,24,1.00566,1.00435,0,0
28,29,1.00247,1.00912,0,0
24,33,1.00153,1.00265,0,0
----Generation 435--------
47,38,1.00052,1.0034,30,48
18,7,1.00602,1.00107,20,17
44,4,1.00565,1.00994,5,3
17,35,1.00834,1.0022,0,14
9,16,1.00979,1.00308,0,0
----Generation 436--------
27,40,1.0001,1.00707,0,0
20,21,1.0082,1.00624,0,0
40,43,1.00187,1.00676,0,0
50,33,1.00291,1.00239,0,0
44,35,1.00202,1.00375,0,0
----Generation 437--------
13,25,1.00574,1.00167,140,9
13,32,1.00219,1.00429,20,1
45,12,1.00459,1.0047,0,0
15,9,1.00353,1.0035,0,0
47,43,1.00612,1.00598,0,0
----Generation 438--------
3,42,1.00311,1.00999,0,0
24,44,1.00799,1.0053,0,0
15,34,1.00787,1.00605,0,0
48,20,1.00602,1.00812,0,0
9,36,1.00152,1.00634,0,0
----Generation 439--------
30,18,1.00958,1.00961,0,0
48,3,1.00847,1.00549,0,0
9,8,1.00053,1.00113,0,0
7,27,1.00276,1.00967,0,0
40,42,1.00268,1.00222,0,0
----Generation 440--------
11,2,1.00224,1.00705,70,7
21,30,1.00251,1.0013,45,4
39,9,1.00543,1.00429,40,10
2,32,1.00551,1.00396,30,14
4,40,1.00754,1.00859,10,4
----Generation 441--------
35,1,1.00097,1.00479,20,16
47,38,1.00574,1.00578,0,0
37,35,1.00539,1.00691,0,0
45,7,1.00902,1.00911,0,0
47,16,1.00297,1.00203,0,0
----Generation 442--------
16,16,1.00522,1.00771,0,0
22,10,1.00658,1.00079,0,0
21,5,1.00288,1.0023,0,0
5,42,1.00977,1.00036,0,0
12,6,1.0022,1.00776,0,0
----Generation 443--------
17,13,1.00129,1.00076,40,6
22,40,1.00353,1.00098,20,10
7,15,1.00326,1.00657,20,1
11,13,1.00466,1.00116,0,0
33,34,1.00259,1.00401,0,0
----Generation 444--------
24,16,1.00371,1.0044,0,0
25,34,1.00728,1.00064,0,0
29,21,1.00002,1.00143,0,0
14,27,1.00192,1.00554,0,0
23,37,1.00529,1.00794,0,0
----Generation 445--------
20,35,1.00381,1.00061,0,0
49,2,1.00751,1.00221,0,0
28,15,1.00601,1.00866,0,0
15,13,1.00883,1.00543,0,0
10,16,1.00101,1.00711,0,0
----Generation 446--------
10,34,1.00453,1.00916,0,0
19,17,1.0007,1.00723,0,0
26,8,1.00099,1.00073,0,0
30,28,1.00733,1.00576,0,0
43,26,1.00937,1.00731,0,0
----Generation 447--------
50,43,1.00374,1.00713,0,0
2,45,1.00578,1.00698,0,0
35,42,1.00801,1.00362,0,0
9,32,1.00831,1.00525,0,0
28,34,1.00607,1.00329,0,0
----Generation 448--------
9,1,1.00082,1.00933,110,73
12,41,1.00337,1.00771,55,15
6,39,1.00563,1.0071,45,11
7,31,1.00778,1.00366,20,1
45,29,1.00118,1.00734,5,3
----Generation 449--------
7,1,1.00192,1.0055,185,18
6,7,1.0032,1.0071,0,0
8,31,1.00462,1.00734,0,0
6,10,1.0061,1.00366,0,0
16,41,1.00645,1.00366,0,0
----Generation 450--------
13,1,1.00063,1.00481,245,165
3,2,1.00091,1.00913,145,9
12,2,1.00288,1.00384,100,35
20,31,1.00201,1.007,70,7
6,49,1.0072,1.00812,70,7
----Generation 451--------
28,14,1.00687,1.0019,80,10
50,2,1.00774,1.00424,40,10
22,18,1.00405,1.00717,0,0
44,11,1.00909,1.00789,0,0
29,15,1.00233,1.00843,0,0
----Generation 452--------
7,34,1.00678,1.00237,140,12
12,45,1.00173,1.00354,60,3
5,26,1.00218,1.00718,30,6
4,31,1.00895,1.00289,20,13
33,20,1.00273,1.00767,0,0
----Generation 453--------
17,30,1.00798,1.00042,0,0
36,39,1.00713,1.00133,0,0
14,13,1.00525,1.0017,0,0
49,49,1.00139,1.00743,0,0
31,1,1.00301,1.00318,0,0
----Generation 454--------
35,23,1.00942,1.0082,0,0
48,41,1.00504,1.00318,0,0
46,6,1.0066,1.00447,0,0
24,33,1.00127,1.0027,0,0
41,15,1.00594,1.00053,0,0
----Generation 455--------
35,34,1.00862,1.00685,0,0
15,1,1.00867,1.00099,0,0
41,29,1.0051,1.00416,0,0
1,33,1.00325,1.00816,0,0
5,15,1.00427,1.00955,0,0
----Generation 456--------
39,25,1.00962,1.00122,0,0
4,12,1.00731,1.00805,0,0
11,30,1.0081,1.00861,0,0
36,44,1.00117,1.00047,0,0
27,15,1.00716,1.00783,0,0
----Generation 457--------
50,49,1.0091,1.00991,0,0
4,38,1.00655,1.00387,0,0
11,9,1.0029,1.00557,0,0
40,34,1.00727,1.00643,0,0
37,44,1.00055,1.00753,0,0
----Generation 458--------
5,1,1.00239,1.00632,100,5
20,8,1.00356,1.0091,30,5
28,12,1.00922,1.00253,20,3
19,13,1.00415,1.00387,0,0
19,38,1.00414,1.00673,0,0
----Generation 459--------
33,1,1.00294,1.00054,0,0
30,33,1.00297,1.00788,0,0
49,3,1.00954,1.00526,0,0
23,48,1.00327,1.00851,0,0
11,41,1.00808,1.00467,0,0
----Generation 460--------
27,43,1.00376,1.00708,0,0
29,29,1.00352,1.0047,0,0
20,38,1.00803,1.00386,0,0
28,24,1.00532,1.0004,0,0
44,39,1.00002,1.00637,0,0
----Generation 461--------
29,49,1.00917,1.0024,20,1
46,16,1.00994,1.00213,20,1
43,3,1.00915,1.00226,20,5
11,20,1.00121,1.00364,10,4
44,20,1.00171,1.00923,5,2
----Generation 462--------
34,21,1.00888,1.00907,0,0
19,26,1.00519,1.00999,0,0
11,13,1.00348,1.00279,0,0
16,15,1.00614,1.00577,0,0
43,1,1.00516,1.00125,0,0
----Generation 463--------
48,21,1.00142,1.00202,40,12
33,18,1.00924,1.00154,20,1
50,15,1.00995,1.00747,0,0
12,33,1.00539,1.00977,0,0
33,28,1.00713,1.0073,0,0
----Generation 464--------
20,14,1.00031,1.00795,0,0
37,13,1.00626,1.00463,0,0
8,40,1.00708,1.00277,0,0
24,50,1.00047,1.0098,0,0
20,29,1.00721,1.00294,0,0
----Generation 465--------
23,24,1.00302,1.0046,0,0
1,47,1.00966,1.00549,0,0
49,29,1.00856,1.00518,0,0
28,21,1.0037,1.00634,0,0
43,9,1.00795,1.00932,0,0
----Generation 466--------
1,15,1.00129,1.00299,0,0
11,41,1.00314,1.00843,0,0
33,26,1.00394,1.00562,0,0
22,16,1.00778,1.0092,0,0
2,28,1.00079,1.00677,0,0
----Generation 467--------
6,46,1.00352,1.00885,25,18
30,17,1.00254,1.00529,10,4
31,28,1.00626,1.00711,0,0
36,15,1.00605,1.00355,0,0
31,41,1.00467,1.00463,0,0
----Generation 468--------
32,37,1.00642,1.00004,0,0
47,1,1.00077,1.00001,0,0
36,12,1.00402,1.00124,0,0
25,19,1.00023,1.00972,0,0
37,37,1.00827,1.00797,0,0
----Generation 469--------
47,39,1.00922,1.00063,40,4
21,15,1.00484,1.00985,0,0
34,26,1.0044,1.00116,0,0
10,16,1.00854,1.00269,0,0
45,24,1.00325,1.00919,0,0
----Generation 470--------
50,1,1.00982,1.00275,20,1
49,44,1.00329,1.00972,0,0
34,42,1.00786,1.00612,0,0
33,31,1.00884,1.00653,0,0
27,24,1.00621,1.00214,0,0
----Generation 471--------
37,3,1.00322,1.00624,5,2
10,50,1.00188,1.00993,0,0
14,23,1.00921,1.00534,0,0
50,27,1.00382,1.00076,0,0
9,41,1.00468,1.0081,0,0
----Generation 472--------
8,45,1.00477,1.00564,5,2
24,36,1.00281,1.00191,0,0
7,13,1.00869,1.0046,0,0
29,48,1.00656,1.00169,0,0
44,39,1.00839,1.00645,0,0
----Generation 473--------
29,12,1.00078,1.00565,0,0
8,39,1.00217,1.00504,0,0
29,9,1.00502,1.00437,0,0
4,38,1.00709,1.00518,0,0
4,23,1.00416,1.00425,0,0
----Generation 474--------
4,35,1.00981,1.00499,0,0
24,20,1.00665,1.00554,0,0
4,45,1.00969,1.00623,0,0
13,44,1.00116,1.00919,0,0
26,8,1.00595,1.0088,0,0
----Generation 475--------
45,8,1.00882,1.00155,60,15
33,11,1.00463,1.00194,40,12
28,30,1.00042,1.00718,25,3
35,22,1.00994,1.00137,20,11
3,4,1.0015,1.00788,20,1
----Generation 476--------
1,9,1.00463,1.00137,0,0
33,12,1.0015,1.00899,0,0
23,32,1.0081,1.00716,0,0
24,44,1.00042,1.00718,0,0
33,22,1.0007,1.00982,0,0
----Generation 477--------
26,36,1.00941,1.00476,0,0
36,14,1.00688,1.00369,0,0
50,8,1.00509,1.00546,0,0
46,2,1.00533,1.0073,0,0
35,50,1.00701,1.00713,0,0
----Generation 478--------
5,41,1.00241,1.00418,95,48
33,43,1.00061,1.00373,55,29
10,48,1.00153,1.00567,50,52
28,43,1.00993,1.00293,40,6
38,22,1.00507,1.0038,20,1
----Generation 479--------
12,14,1.00601,1.00405,0,0
15,23,1.00435,1.00061,0,0
39,14,1.00336,1.00105,0,0
17,15,1.00628,1.00317,0,0
23,34,1.00484,1.00738,0,0
----Generation 480--------
23,41,1.0069,1.00393,0,0
35,42,1.00021,1.00017,0,0
13,39,1.00945,1.00957,0,0
47,6,1.00848,1.00928,0,0
2,14,1.00841,1.00863,0,0
----Generation 481--------
37,12,1.00597,1.00282,0,0
28,42,1.00446,1.00685,0,0
8,22,1.00916,1.00508,0,0
43,36,1.00068,1.00244,0,0
40,16,1.00686,1.008,0,0
----Generation 482--------
49,19,1.00553,1.00226,40,5
18,44,1.00997,1.0069,0,0
18,22,1.00406,1.00314,0,0
8,13,1.00534,1.00639,0,0
29,29,1.00328,1.00949,0,0
----Generation 483--------
20,2,1.00209,1.00104,0,0
45,48,1.00373,1.00303,0,0
21,48,1.00333,1.0015,0,0
29,37,1.00067,1.00301,0,0
45,2,1.00589,1.00241,0,0
----Generation 484--------
43,4,1.00377,1.00923,0,0
36,13,1.00244,1.00144,0,0
24,46,1.00771,1.00714,0,0
10,14,1.00012,1.00813,0,0
24,28,1.00908,1.00579,0,0
----Generation 485--------
22,24,1.00494,1.00941,0,0
32,28,1.00689,1.00221,0,0
39,19,1.00242,1.00172,0,0
35,17,1.00922,1.00796,0,0
27,8,1.00989,1.00701,0,0
