----Generation 0--------
47,26,1.00318,1.00673,0,0
13,25,1.00886,1.00983,0,0
13,28,1.00711,1.00801,0,0
32,46,1.00933,1.00671,0,0
4,25,1.00521,1.00898,0,0
----Generation 1--------
32,11,1.00577,1.00794,0,0
21,43,1.0038,1.00956,0,0
40,27,1.0048,1.00939,0,0
23,31,1.00124,1.00039,0,0
19,25,1.00071,1.00351,0,0
----Generation 2--------
44,15,1.00408,1.00723,0,0
39,23,1.00107,1.0022,0,0
27,35,1.00426,1.00701,0,0
36,12,1.00864,1.00931,0,0
17,3,1.00295,1.00813,0,0
----Generation 3--------
12,44,1.00552,1.00281,0,0
8,15,1.0023,1.009,0,0
16,25,1.00809,1.00804,0,0
33,20,1.00744,1.00136,0,0
36,31,1.00523,1.00077,0,0
----Generation 4--------
29,33,1.00017,1.00007,0,0
35,21,1.00737,1.00508,0,0
2,35,1.00259,1.00303,0,0
13,26,1.00957,1.00453,0,0
5,29,1.00142,1.00708,0,0
----Generation 5--------
49,43,1.00768,1.00395,0,0
35,50,1.00903,1.0066,0,0
47,50,1.00282,1.00052,0,0
12,1,1.00993,1.00222,0,0
41,17,1.00132,1.00196,0,0
----Generation 6--------
17,1,1.00197,1.00189,265,26
19,2,1.0078,1.00393,60,5
17,12,1.00591,1.00057,40,21
49,8,1.0018,1.00517,5,2
25,42,1.00234,1.00259,5,2
----Generation 7--------
17,1,1.00197,1.00189,210,146
49,21,1.0018,1.00517,105,63
49,25,1.00234,1.00259,50,38
34,8,1.00234,1.00517,45,64
14,12,1.00591,1.00057,20,11
----Generation 8--------
14,30,1.00591,1.00259,0,0
34,28,1.00234,1.00517,0,0
20,25,1.00234,1.00259,0,0
49,28,1.00591,1.00057,0,0
14,25,1.00652,1.00057,0,0
----Generation 9--------
12,3,1.00084,1.00643,155,27
27,11,1.00125,1.00066,145,26
26,8,1.00557,1.00066,80,20
24,1,1.00267,1.00586,80,11
36,1,1.00625,1.00821,40,2
----Generation 10--------
26,1,1.00557,1.00014,0,0
36,1,1.00625,1.00692,0,0
24,8,1.00267,1.00124,0,0
26,31,1.00557,1.00821,0,0
36,43,1.00557,1.00066,0,0
----Generation 11--------
31,34,1.00251,1.00934,0,0
11,13,1.00558,1.00171,0,0
7,13,1.00496,1.00124,0,0
36,21,1.00546,1.00191,0,0
36,9,1.00713,1.0079,0,0
----Generation 12--------
10,20,1.00277,1.00339,90,8
8,28,1.00236,1.00684,60,24
6,40,1.00536,1.00416,55,18
3,31,1.00434,1.00898,55,15
3,35,1.00658,1.00592,55,12
----Generation 13--------
3,25,1.00434,1.00898,0,0
3,31,1.00434,1.00484,0,0
3,13,1.00434,1.00898,0,0
3,3,1.00434,1.00898,0,0
3,43,1.00434,1.00592,0,0
----Generation 14--------
31,1,1.00009,1.00429,85,75
35,1,1.00707,1.00353,80,10
48,20,1.0011,1.00294,55,11
5,1,1.00128,1.00044,40,107
39,18,1.00117,1.00695,25,4
----Generation 15--------
48,15,1.0011,1.00695,0,0
39,35,1.00128,1.00695,0,0
5,18,1.00128,1.00165,0,0
48,14,1.0011,1.00294,0,0
48,18,1.00335,1.00695,0,0
----Generation 16--------
3,22,1.00564,1.0011,0,0
9,31,1.00564,1.00111,0,0
24,33,1.00193,1.00223,0,0
34,24,1.00225,1.00692,0,0
3,43,1.0058,1.00788,0,0
----Generation 17--------
16,31,1.00779,1.00363,0,0
15,7,1.00126,1.00157,0,0
50,7,1.00111,1.00967,0,0
13,6,1.00203,1.00449,0,0
36,17,1.00136,1.00098,0,0
----Generation 18--------
7,33,1.00181,1.00271,115,27
18,39,1.005,1.00224,100,15
15,39,1.00714,1.0025,80,14
4,47,1.00985,1.00472,60,3
5,2,1.00131,1.00817,55,8
----Generation 19--------
15,39,1.00229,1.0025,0,0
15,31,1.00714,1.0025,0,0
4,2,1.00985,1.00934,0,0
5,2,1.00985,1.00213,0,0
4,39,1.00026,1.0025,0,0
----Generation 20--------
15,39,1.00229,1.0025,95,28
1,34,1.00363,1.00591,95,31
11,41,1.00314,1.00967,95,24
2,46,1.00336,1.0098,70,35
18,48,1.00288,1.00655,70,21
----Generation 21--------
2,49,1.00288,1.00655,0,0
37,48,1.00288,1.00655,0,0
2,41,1.00314,1.00602,0,0
18,48,1.00038,1.00655,0,0
17,48,1.00288,1.00967,0,0
----Generation 22--------
48,24,1.00538,1.00653,65,19
16,42,1.00528,1.00942,35,21
6,26,1.00621,1.00921,25,9
5,2,1.00611,1.00194,5,18
25,44,1.00714,1.00662,0,12
----Generation 23--------
6,2,1.00706,1.00194,0,0
23,2,1.00611,1.00194,0,0
6,26,1.00611,1.00196,0,0
5,26,1.00611,1.00534,0,0
5,2,1.00969,1.00194,0,0
----Generation 24--------
16,24,1.0029,1.00465,0,0
14,10,1.00932,1.00911,0,0
4,47,1.00197,1.0006,0,0
47,1,1.00572,1.0037,0,0
49,14,1.00478,1.00996,0,0
----Generation 25--------
17,42,1.00458,1.00446,80,11
3,28,1.00552,1.00665,70,14
31,45,1.00154,1.00998,55,15
1,9,1.00191,1.00576,50,34
26,43,1.00186,1.0064,45,18
----Generation 26--------
31,9,1.00191,1.00714,30,5
14,45,1.00191,1.00998,10,18
26,43,1.00144,1.00998,5,9
31,25,1.00186,1.00998,0,0
44,43,1.00191,1.0064,0,0
----Generation 27--------
26,43,1.00144,1.0024,0,0
26,43,1.00414,1.00998,0,0
26,27,1.00144,1.00998,0,0
35,43,1.00144,1.00998,0,0
26,43,1.00163,1.00998,0,0
----Generation 28--------
40,8,1.00685,1.0013,80,7
47,12,1.00823,1.0013,60,5
26,43,1.00144,1.0024,5,2
25,17,1.0062,1.00683,0,0
46,17,1.00457,1.00271,0,0
----Generation 29--------
26,43,1.00144,1.00507,0,0
26,43,1.00964,1.0024,0,0
26,43,1.00296,1.0024,0,0
26,43,1.00147,1.0024,0,0
26,43,1.00663,1.0024,0,0
----Generation 30--------
50,10,1.00266,1.00006,105,33
33,1,1.00631,1.00161,80,7
41,16,1.00167,1.00647,30,6
38,2,1.00636,1.0004,20,27
46,1,1.0006,1.00124,20,92
----Generation 31--------
42,1,1.0006,1.00124,0,0
46,2,1.00114,1.0004,0,0
38,2,1.00636,1.00684,0,0
38,16,1.00167,1.00258,0,0
41,25,1.00167,1.00647,0,0
----Generation 32--------
32,39,1.00054,1.00055,0,0
40,35,1.00136,1.00678,0,0
19,24,1.00975,1.00321,0,0
11,42,1.00704,1.00508,0,0
42,1,1.0088,1.00026,0,0
----Generation 33--------
5,13,1.00178,1.00731,25,3
34,45,1.00057,1.00274,20,32
47,17,1.00353,1.003,20,1
21,38,1.00199,1.00539,5,3
42,8,1.00749,1.00627,0,0
----Generation 34--------
47,49,1.00353,1.003,0,0
21,38,1.00199,1.00908,0,0
21,35,1.00353,1.00539,0,0
47,38,1.00199,1.00457,0,0
21,38,1.00658,1.00539,0,0
----Generation 35--------
30,7,1.00127,1.00115,0,0
29,34,1.00151,1.00599,0,0
8,39,1.00343,1.00442,0,0
13,46,1.00205,1.00337,0,0
5,33,1.00709,1.00574,0,0
----Generation 36--------
20,1,1.00172,1.00545,50,27
23,31,1.00207,1.00092,40,8
41,23,1.00218,1.00527,5,2
13,11,1.00852,1.00397,0,0
33,48,1.00726,1.00481,0,0
----Generation 37--------
10,23,1.00218,1.00527,75,11
11,23,1.00218,1.00527,50,8
31,23,1.00218,1.00527,15,7
41,1,1.00218,1.00527,5,31
16,23,1.00218,1.00527,0,0
----Generation 38--------
41,1,1.00218,1.00088,0,0
34,1,1.00218,1.00527,0,0
10,23,1.00218,1.00527,0,0
41,1,1.00218,1.00754,0,0
41,4,1.00218,1.00527,0,0
----Generation 39--------
17,24,1.0015,1.00254,90,8
30,40,1.00101,1.00728,30,12
15,43,1.00163,1.00221,25,26
23,50,1.00686,1.00162,20,17
2,7,1.00251,1.00751,20,8
----Generation 40--------
23,7,1.00686,1.00943,0,0
2,21,1.00251,1.00751,0,0
15,43,1.00163,1.00092,0,0
41,50,1.00251,1.00162,0,0
15,46,1.00163,1.00162,0,0
----Generation 41--------
24,32,1.00009,1.0033,0,0
8,27,1.00168,1.00202,0,0
20,47,1.00938,1.00621,0,0
27,14,1.00733,1.00029,0,0
1,18,1.00883,1.00641,0,0
----Generation 42--------
14,24,1.00311,1.00787,80,4
10,18,1.00179,1.00294,75,16
2,34,1.00679,1.00699,55,8
14,37,1.00228,1.00386,45,22
25,31,1.00386,1.00726,0,0
----Generation 43--------
28,37,1.00228,1.00386,0,0
14,37,1.00679,1.00874,0,0
7,37,1.00228,1.00386,0,0
7,34,1.00679,1.00699,0,0
34,37,1.00228,1.00386,0,0
----Generation 44--------
14,1,1.00214,1.00077,255,96
32,6,1.00714,1.00056,40,62
18,46,1.00176,1.00508,20,1
12,20,1.00357,1.00223,20,1
26,40,1.00085,1.00308,5,2
----Generation 45--------
14,1,1.00214,1.00077,250,105
26,46,1.00176,1.00508,40,2
18,13,1.00176,1.00508,20,1
43,20,1.00357,1.00308,20,1
37,20,1.00357,1.00223,0,0
----Generation 46--------
43,20,1.00493,1.00308,0,0
43,29,1.00357,1.00508,0,0
18,20,1.00999,1.00308,0,0
43,13,1.00176,1.00657,0,0
4,20,1.00357,1.00508,0,0
----Generation 47--------
14,3,1.00215,1.00319,240,62
36,12,1.00322,1.00605,225,34
37,12,1.0044,1.00786,185,32
14,4,1.00651,1.00662,150,11
33,8,1.00604,1.00578,95,24
----Generation 48--------
14,1,1.00651,1.00662,60,3
14,4,1.00369,1.00662,25,3
36,12,1.00322,1.00605,20,24
14,4,1.00651,1.00324,20,11
33,27,1.0044,1.00578,0,0
----Generation 49--------
14,4,1.00651,1.00157,20,7
14,4,1.00594,1.00324,0,0
14,29,1.00651,1.00324,0,0
14,12,1.00651,1.00281,0,0
36,12,1.00946,1.00605,0,0
----Generation 50--------
48,7,1.00561,1.00733,0,0
45,27,1.00752,1.00249,0,0
13,45,1.00763,1.00336,0,0
50,50,1.00454,1.00828,0,0
8,23,1.00758,1.00753,0,0
----Generation 51--------
37,46,1.00923,1.00629,0,0
11,18,1.00923,1.00425,0,0
7,29,1.00406,1.00136,0,0
13,44,1.00529,1.00444,0,0
35,50,1.00414,1.0079,0,0
----Generation 52--------
27,26,1.00812,1.00307,0,0
49,13,1.0047,1.00755,0,0
36,7,1.00898,1.00363,0,0
28,25,1.00604,1.00781,0,0
5,14,1.00293,1.00603,0,0
----Generation 53--------
2,6,1.00654,1.00312,0,0
21,30,1.00756,1.00043,0,0
32,29,1.00438,1.00061,0,0
15,16,1.00493,1.00387,0,0
39,26,1.00204,1.0053,0,0
----Generation 54--------
28,25,1.0043,1.00184,0,0
19,37,1.00113,1.00368,0,0
40,37,1.00577,1.00033,0,0
7,29,1.00948,1.00352,0,0
43,23,1.00261,1.00411,0,0
----Generation 55--------
41,13,1.00136,1.00479,0,0
6,25,1.00879,1.00442,0,0
12,36,1.00608,1.00018,0,0
42,47,1.00906,1.00387,0,0
21,47,1.00996,1.00506,0,0
----Generation 56--------
26,24,1.00468,1.00877,0,0
19,35,1.00672,1.00117,0,0
21,9,1.00011,1.004,0,0
16,30,1.00713,1.00886,0,0
16,45,1.00079,1.00722,0,0
----Generation 57--------
2,46,1.00666,1.00186,0,0
9,15,1.00867,1.00521,0,0
38,5,1.00518,1.00052,0,0
29,20,1.00784,1.00909,0,0
15,4,1.00386,1.00105,0,0
----Generation 58--------
23,11,1.0085,1.00019,0,0
49,19,1.00585,1.00405,0,0
50,50,1.00882,1.00678,0,0
7,26,1.00772,1.00258,0,0
19,34,1.00208,1.00974,0,0
----Generation 59--------
13,1,1.00104,1.00776,90,92
17,25,1.00734,1.00196,40,3
6,27,1.00246,1.00556,5,16
9,25,1.00319,1.00856,0,0
24,47,1.00967,1.00461,0,0
----Generation 60--------
13,1,1.00104,1.00776,180,37
6,18,1.00246,1.00556,40,9
6,39,1.00246,1.00556,20,15
6,27,1.00246,1.00987,15,13
6,27,1.00246,1.00237,15,13
----Generation 61--------
46,27,1.00246,1.00237,40,9
6,27,1.00483,1.00987,40,9
6,39,1.00693,1.00556,30,5
6,41,1.00246,1.00987,30,21
6,14,1.00246,1.00987,5,16
----Generation 62--------
6,18,1.00246,1.00987,65,5
6,14,1.00246,1.00402,30,5
6,14,1.00246,1.00676,30,5
6,13,1.00246,1.00987,10,4
47,14,1.00246,1.00987,0,0
----Generation 63--------
6,13,1.00672,1.00987,0,0
47,14,1.00246,1.00987,0,0
6,20,1.00246,1.00987,0,0
6,36,1.00246,1.00987,0,0
36,13,1.00246,1.00987,0,0
----Generation 64--------
24,9,1.00546,1.00948,290,32
25,11,1.00634,1.00939,260,27
11,2,1.0032,1.00421,195,43
21,3,1.0017,1.0098799999999999,175,77
36,6,1.0057,1.00629,170,38
----Generation 65--------
21,3,1.00196,1.0098799999999999,90,9
11,2,1.0032,1.00059,40,48
36,6,1.00629,1.0098799999999999,0,0
11,3,1.00816,1.00421,0,0
36,2,1.0057,1.00886,0,0
----Generation 66--------
5,34,1.00397,1.00737,20,1
37,28,1.0039,1.00123,20,1
20,41,1.00492,1.00703,0,0
32,42,1.00451,1.00719,0,0
31,42,1.0043,1.00808,0,0
----Generation 67--------
44,20,1.00063,1.00573,85,6
35,44,1.0069,1.00621,0,0
49,46,1.00934,1.0072,0,0
49,25,1.00369,1.00412,0,2
48,22,1.00631,1.00595,0,0
----Generation 68--------
44,20,1.00063,1.00573,175,106
15,29,1.00281,1.00481,50,6
8,38,1.00244,1.00903,35,14
1,32,1.00884,1.00578,20,7
11,27,1.00328,1.002,10,28
----Generation 69--------
1,32,1.00485,1.00578,0,0
1,32,1.0066,1.00578,0,0
11,32,1.00639,1.00578,0,0
1,46,1.00884,1.00578,0,0
8,32,1.00594,1.00578,0,0
----Generation 70--------
27,20,1.0034,1.00064,20,2
25,24,1.00433,1.00844,0,0
17,32,1.00508,1.00969,0,0
32,37,1.00424,1.00878,0,0
3,1,1.00417,1.00289,0,0
----Generation 71--------
12,33,1.00269,1.00482,95,19
9,38,1.0051,1.00576,90,8
20,42,1.00773,1.00299,40,14
48,18,1.00883,1.00541,20,1
30,1,1.00685,1.00851,10,8
----Generation 72--------
46,18,1.00883,1.00541,0,0
48,30,1.00883,1.00851,0,0
11,42,1.00773,1.00541,0,0
21,18,1.00685,1.00851,0,0
20,42,1.00217,1.00299,0,0
----Generation 73--------
17,6,1.00289,1.00906,20,1
29,31,1.00408,1.00492,0,0
14,37,1.00933,1.00734,0,0
37,24,1.00467,1.00536,0,0
9,10,1.00669,1.00281,0,0
----Generation 74--------
42,1,1.00375,1.00623,95,17
31,13,1.00244,1.00209,75,12
32,14,1.0019,1.00221,20,8
27,9,1.00902,1.00792,0,0
48,16,1.00867,1.00462,0,0
----Generation 75--------
32,14,1.0019,1.0031,0,0
32,44,1.0019,1.00221,0,0
32,14,1.0019,1.00116,0,0
32,14,1.00478,1.00221,0,0
32,49,1.0019,1.00221,0,0
----Generation 76--------
33,5,1.0083,1.00826,0,0
42,5,1.00938,1.00057,0,0
31,27,1.00379,1.00373,0,0
3,13,1.00124,1.00289,0,0
10,17,1.00188,1.00217,0,0
----Generation 77--------
48,23,1.0093,1.00406,0,0
13,48,1.00303,1.00712,0,0
44,14,1.00963,1.00329,0,0
22,11,1.00138,1.00513,0,0
36,20,1.00476,1.00742,0,0
----Generation 78--------
2,20,1.0019,1.005,40,16
25,22,1.00753,1.00356,0,0
15,46,1.0094,1.00981,0,0
4,45,1.00717,1.00658,0,0
39,6,1.00716,1.00839,0,0
----Generation 79--------
26,14,1.00101,1.00377,5,2
16,23,1.00976,1.00101,0,0
37,36,1.00969,1.00767,0,0
12,42,1.00625,1.00548,0,0
35,6,1.00493,1.00673,0,0
----Generation 80--------
18,34,1.00356,1.00229,145,21
31,35,1.00206,1.00065,120,16
9,37,1.00848,1.00428,100,13
7,33,1.00737,1.005,80,8
11,22,1.00722,1.0015,60,37
----Generation 81--------
11,22,1.00722,1.00692,0,0
11,22,1.00328,1.00428,0,0
7,42,1.00737,1.005,0,0
9,50,1.00722,1.0015,0,0
7,33,1.00737,1.00346,0,0
----Generation 82--------
29,41,1.00531,1.00174,0,0
22,39,1.00946,1.00048,0,0
31,46,1.00903,1.00063,0,0
31,50,1.00673,1.00147,0,0
29,14,1.00983,1.00736,0,0
----Generation 83--------
42,25,1.00525,1.0022,0,0
10,10,1.00837,1.00096,0,0
18,31,1.00009,1.00252,0,0
1,6,1.00581,1.00195,0,0
3,17,1.00845,1.00245,0,0
----Generation 84--------
42,23,1.00631,1.00602,0,0
49,17,1.0098799999999999,1.00891,0,0
27,41,1.00868,1.00875,0,0
39,13,1.00672,1.00143,0,0
1,34,1.00876,1.00458,0,0
----Generation 85--------
35,10,1.00976,1.00227,100,11
22,5,1.00757,1.00106,40,37
37,47,1.00615,1.00096,20,3
32,19,1.00797,1.00642,0,0
36,48,1.00391,1.00352,0,0
----Generation 86--------
37,47,1.00615,1.00096,0,0
37,27,1.00615,1.00096,0,0
37,47,1.00615,1.00934,0,0
37,46,1.00615,1.00096,0,0
37,47,1.00615,1.00924,0,0
----Generation 87--------
7,38,1.00284,1.00601,55,15
22,29,1.00567,1.00064,20,5
36,32,1.00126,1.0009,20,1
47,38,1.00277,1.00668,0,0
15,8,1.00479,1.0071,0,0
----Generation 88--------
36,32,1.00668,1.0009,0,0
12,32,1.00126,1.0009,0,0
36,32,1.00438,1.0009,0,0
36,38,1.00126,1.0009,0,0
36,32,1.00126,1.00907,0,0
----Generation 89--------
40,13,1.00743,1.00839,0,0
44,35,1.00699,1.00944,0,0
8,4,1.00498,1.00386,0,0
15,13,1.00819,1.00151,0,0
46,13,1.00754,1.00959,0,0
----Generation 90--------
4,40,1.00216,1.00578,0,0
28,2,1.0056,1.00266,0,0
5,22,1.0001,1.00154,0,0
12,21,1.00893,1.00343,0,0
9,3,1.00533,1.0073,0,0
----Generation 91--------
9,13,1.00011,1.00719,0,0
20,34,1.00871,1.00036,0,0
3,42,1.00806,1.0046,0,0
15,10,1.00282,1.00184,0,0
34,47,1.00703,1.00101,0,0
----Generation 92--------
36,1,1.00857,1.00027,40,41
10,4,1.00212,1.0098799999999999,10,4
45,28,1.00308,1.00446,0,0
7,4,1.00767,1.0062,0,0
44,47,1.00263,1.00701,0,0
----Generation 93--------
7,1,1.00904,1.00028,320,150
10,4,1.00212,1.0098799999999999,60,17
8,21,1.00818,1.00166,40,37
35,1,1.00972,1.00531,40,2
20,8,1.0025,1.0067,35,14
----Generation 94--------
31,21,1.0025,1.00166,60,5
36,21,1.0025,1.00166,60,6
8,21,1.00403,1.00166,50,8
8,21,1.00213,1.00166,45,13
13,1,1.00818,1.00531,40,4
----Generation 95--------
22,21,1.00403,1.00166,0,0
35,21,1.00403,1.00166,0,0
8,1,1.00403,1.00078,0,0
8,21,1.00024,1.00166,0,0
8,38,1.00403,1.00166,0,0
----Generation 96--------
22,49,1.00064,1.00854,0,0
8,50,1.00302,1.00139,0,0
2,25,1.00626,1.00382,0,0
20,46,1.00674,1.00764,0,0
23,37,1.00113,1.00694,0,0
----Generation 97--------
45,8,1.00054,1.00074,0,0
14,1,1.00693,1.00475,0,0
28,37,1.00768,1.00938,0,0
3,2,1.00216,1.0057,0,0
28,8,1.00232,1.00872,0,0
----Generation 98--------
14,1,1.00693,1.00475,60,7
7,12,1.00241,1.00884,10,11
28,40,1.00614,1.00417,0,0
39,17,1.00748,1.00761,0,0
19,12,1.00518,1.00868,0,0
----Generation 99--------
7,34,1.00291,1.009,0,0
2,50,1.0044,1.00021,0,0
10,3,1.00135,1.00591,0,0
13,45,1.00632,1.0002,0,0
34,40,1.00051,1.00119,0,0
----Generation 100--------
30,9,1.00146,1.00119,55,29
44,16,1.00076,1.0029,50,23
7,34,1.00291,1.009,20,1
23,7,1.00664,1.00396,20,1
29,21,1.00824,1.00199,20,1
----Generation 101--------
43,7,1.00664,1.00396,0,0
23,38,1.00291,1.00396,0,0
3,34,1.00664,1.009,0,0
7,1,1.00824,1.009,0,0
3,7,1.00664,1.009,0,0
----Generation 102--------
29,38,1.00219,1.00238,0,0
34,16,1.0064,1.00869,0,0
5,30,1.00194,1.00488,0,0
8,38,1.00131,1.00886,0,0
45,32,1.00618,1.00081,0,0
----Generation 103--------
10,13,1.00745,1.00521,0,0
35,48,1.00466,1.0047,0,0
30,28,1.00473,1.00752,0,0
15,35,1.00489,1.00832,0,0
43,30,1.00464,1.00653,0,0
----Generation 104--------
47,17,1.00752,1.00374,0,0
13,36,1.00123,1.00443,0,0
2,33,1.00223,1.00124,0,0
44,28,1.00437,1.00735,0,0
12,43,1.00171,1.0043,0,0
----Generation 105--------
29,23,1.00484,1.00389,0,0
44,46,1.00965,1.00009,0,0
25,33,1.00204,1.0059,0,0
39,45,1.00908,1.00081,0,0
12,4,1.00816,1.00239,0,0
----Generation 106--------
45,35,1.0081,1.00083,0,0
24,42,1.00275,1.00679,0,0
11,37,1.00896,1.00158,0,0
38,43,1.00711,1.00694,0,0
3,33,1.00672,1.00228,0,0
----Generation 107--------
17,1,1.00254,1.00064,0,0
18,41,1.00011,1.00514,0,0
31,3,1.00414,1.00364,0,0
47,6,1.00085,1.00746,0,0
22,30,1.00195,1.00684,0,0
----Generation 108--------
9,25,1.00612,1.00182,0,0
43,34,1.00668,1.0016,0,0
11,27,1.00302,1.00085,0,0
13,17,1.00226,1.00021,0,0
1,34,1.00255,1.00336,0,0
----Generation 109--------
3,17,1.00442,1.0056,25,3
25,31,1.00999,1.00245,0,0
37,39,1.00293,1.00432,0,0
11,7,1.00972,1.00532,0,0
39,36,1.00997,1.00746,0,0
----Generation 110--------
45,44,1.00067,1.00499,0,0
42,16,1.00826,1.00529,0,0
30,31,1.00342,1.00492,0,0
45,5,1.00234,1.00759,0,0
44,1,1.00003,1.00332,0,0
----Generation 111--------
37,37,1.00546,1.0031,0,0
18,23,1.00318,1.00014,0,0
31,31,1.00376,1.00166,0,0
32,19,1.00629,1.00243,0,0
34,34,1.00271,1.00529,0,0
----Generation 112--------
48,23,1.00494,1.00443,0,0
19,32,1.001,1.0064,0,0
31,13,1.00768,1.00291,0,0
6,43,1.00898,1.00634,0,0
27,33,1.00272,1.00392,0,0
----Generation 113--------
49,1,1.00422,1.00492,100,21
4,15,1.00731,1.00799,60,7
48,31,1.00246,1.00574,45,20
3,4,1.00667,1.00155,20,1
13,8,1.0099,1.00645,0,0
----Generation 114--------
3,4,1.00068,1.00574,20,1
47,31,1.00667,1.00155,20,1
27,31,1.00667,1.00155,0,0
15,31,1.00246,1.00155,0,8
3,31,1.00667,1.00574,0,0
----Generation 115--------
50,16,1.00507,1.00223,40,18
12,29,1.00335,1.00495,25,3
5,1,1.00409,1.00794,20,1
16,30,1.00197,1.00563,15,6
17,22,1.00829,1.00585,0,0
----Generation 116--------
16,30,1.00197,1.00961,0,0
5,1,1.00409,1.00323,0,0
16,30,1.00212,1.00563,0,0
16,30,1.00958,1.00794,0,0
16,1,1.00197,1.00664,0,0
----Generation 117--------
6,3,1.00727,1.00135,60,5
4,7,1.00469,1.0012,20,1
5,1,1.00409,1.00323,20,1
3,12,1.00297,1.00666,10,4
43,40,1.00405,1.00901,0,0
----Generation 118--------
10,12,1.00297,1.00666,0,0
5,1,1.00409,1.00815,0,0
3,12,1.00577,1.00666,0,0
35,1,1.00409,1.00323,0,0
6,12,1.00409,1.00666,0,0
----Generation 119--------
49,46,1.0079,1.0032,0,0
8,43,1.0078,1.00363,0,0
12,42,1.00463,1.00472,0,0
20,1,1.00699,1.00473,0,0
10,15,1.00105,1.00045,0,0
----Generation 120--------
48,21,1.00257,1.00711,0,0
12,3,1.00834,1.00385,0,0
13,20,1.00044,1.00745,0,0
25,23,1.00873,1.00759,0,0
27,40,1.00463,1.00412,0,0
----Generation 121--------
16,33,1.00218,1.00526,45,5
45,1,1.00554,1.00263,30,20
12,3,1.00834,1.00385,20,1
46,5,1.00505,1.007,5,2
18,18,1.00309,1.00719,0,0
----Generation 122--------
16,33,1.00218,1.00526,20,15
12,5,1.00834,1.00534,0,0
12,5,1.00505,1.00951,0,0
4,5,1.00505,1.007,0,0
46,43,1.00834,1.00385,0,0
----Generation 123--------
36,22,1.00697,1.0066,0,0
41,49,1.00436,1.00399,0,0
19,11,1.00359,1.00438,0,0
22,29,1.00622,1.00309,0,0
47,10,1.0049,1.00797,0,0
----Generation 124--------
25,4,1.00363,1.00676,25,3
5,30,1.00301,1.00372,20,24
48,20,1.00369,1.00454,20,5
48,31,1.00612,1.00305,20,5
43,27,1.00155,1.00323,20,3
----Generation 125--------
48,31,1.00369,1.00596,35,21
48,31,1.00369,1.00677,35,21
48,31,1.00369,1.00803,35,21
16,27,1.00155,1.00305,15,64
31,31,1.00155,1.00323,0,0
----Generation 126--------
16,27,1.00741,1.00305,0,0
16,43,1.00155,1.00305,0,0
33,27,1.00155,1.00305,0,0
38,27,1.00155,1.00305,0,0
16,27,1.00281,1.00803,0,0
----Generation 127--------
16,43,1.00155,1.00305,125,22
18,36,1.00118,1.00921,45,25
11,18,1.00357,1.00403,0,0
33,20,1.00937,1.00782,0,0
17,27,1.00709,1.00453,0,0
----Generation 128--------
8,37,1.00021,1.00229,0,0
6,41,1.00834,1.00095,0,0
45,25,1.00362,1.00135,0,0
37,28,1.00908,1.00715,0,0
26,41,1.00726,1.004,0,0
----Generation 129--------
39,35,1.00354,1.00446,0,0
45,33,1.00498,1.00224,0,0
24,13,1.00114,1.00157,0,0
12,4,1.0095,1.00673,0,0
12,28,1.0023,1.00388,0,0
----Generation 130--------
23,4,1.00294,1.00995,0,0
32,27,1.00691,1.008,0,0
43,9,1.00649,1.00398,0,0
3,44,1.00507,1.00848,0,0
37,32,1.00703,1.00004,0,0
----Generation 131--------
42,12,1.00684,1.00702,0,0
31,30,1.00778,1.00215,0,0
22,25,1.0024,1.00782,0,0
37,40,1.00375,1.00602,0,0
2,28,1.00609,1.00901,0,0
----Generation 132--------
9,34,1.00979,1.00979,0,0
19,5,1.00427,1.00195,0,0
20,50,1.00368,1.00923,0,0
17,21,1.00478,1.00423,0,0
41,9,1.00812,1.00829,0,0
----Generation 133--------
47,3,1.00213,1.00247,0,0
37,49,1.00391,1.00977,0,0
3,3,1.00095,1.00085,0,0
9,20,1.00643,1.00974,0,0
9,45,1.00655,1.00404,0,0
----Generation 134--------
37,4,1.00304,1.00015,35,48
24,29,1.00859,1.00037,20,18
3,39,1.00269,1.00878,5,2
24,17,1.00149,1.00751,0,0
42,16,1.00859,1.00184,0,2
----Generation 135--------
6,39,1.00269,1.00878,0,0
3,2,1.00269,1.00878,0,0
3,39,1.00492,1.00878,0,0
26,39,1.00269,1.00878,0,0
3,39,1.00692,1.00878,0,0
----Generation 136--------
47,38,1.00412,1.00209,0,0
43,18,1.00637,1.00079,0,0
23,25,1.00244,1.00861,0,0
23,48,1.00009,1.00291,0,0
1,15,1.00891,1.00529,0,0
----Generation 137--------
34,1,1.00607,1.0004,220,85
45,24,1.00179,1.00124,90,14
48,18,1.00247,1.00623,25,3
43,18,1.00637,1.00079,20,30
18,13,1.00746,1.00206,0,0
----Generation 138--------
2,18,1.00247,1.00623,80,5
8,18,1.00247,1.00623,60,3
31,18,1.00247,1.00079,20,6
34,1,1.00607,1.0004,0,37
43,16,1.00637,1.00079,0,10
----Generation 139--------
31,18,1.00795,1.00079,0,0
31,18,1.00247,1.00298,0,0
31,18,1.0082,1.00079,0,0
50,18,1.00247,1.00079,0,0
26,18,1.00247,1.00079,0,0
----Generation 140--------
43,16,1.0072,1.00429,0,0
1,10,1.00127,1.00884,0,0
39,15,1.00162,1.00289,0,0
7,38,1.00154,1.00438,0,0
13,16,1.00534,1.00363,0,0
----Generation 141--------
35,46,1.00478,1.00197,0,0
37,40,1.00533,1.0052,0,0
19,34,1.00702,1.00313,0,0
6,15,1.00227,1.00362,0,0
20,6,1.00207,1.00973,0,0
----Generation 142--------
12,31,1.00982,1.00145,0,0
41,36,1.00448,1.00484,0,0
24,32,1.00463,1.00472,0,0
2,18,1.00681,1.004,0,0
48,1,1.00261,1.00484,0,0
----Generation 143--------
23,27,1.00615,1.00035,40,13
39,3,1.00014,1.00273,30,45
33,2,1.00779,1.00337,20,1
11,1,1.00924,1.00388,20,1
40,38,1.00427,1.0094,0,0
----Generation 144--------
45,1,1.00779,1.00337,0,0
11,28,1.00924,1.00388,0,0
11,2,1.00672,1.00388,0,0
33,2,1.00779,1.00288,0,0
14,1,1.00924,1.00388,0,0
----Generation 145--------
49,25,1.00032,1.00773,0,0
18,10,1.00958,1.00881,0,0
29,5,1.00372,1.00102,0,0
38,6,1.00918,1.00512,0,0
2,34,1.00344,1.00602,0,0
----Generation 146--------
6,1,1.003,1.00736,330,29
22,17,1.0018,1.00229,205,33
39,7,1.00155,1.00856,140,49
41,19,1.00257,1.00791,125,36
36,23,1.00809,1.00486,120,13
----Generation 147--------
36,23,1.00375,1.00856,0,0
36,7,1.00767,1.00486,0,0
39,23,1.00155,1.00557,0,0
41,25,1.00257,1.00791,0,0
22,23,1.00809,1.00791,0,0
----Generation 148--------
34,43,1.00542,1.00812,0,0
35,21,1.00434,1.00851,0,0
40,27,1.00046,1.00241,0,0
5,4,1.0037,1.00153,0,0
48,2,1.00564,1.00549,0,0
----Generation 149--------
20,27,1.00492,1.00123,0,0
12,3,1.00271,1.00073,0,0
35,13,1.00019,1.0024,0,0
49,17,1.00343,1.00545,0,0
43,21,1.00565,1.00157,0,0
----Generation 150--------
20,23,1.00687,1.00979,0,0
8,17,1.00129,1.00644,0,0
29,6,1.00876,1.00919,0,0
38,20,1.00803,1.00535,0,0
8,43,1.00799,1.00694,0,0
----Generation 151--------
40,19,1.00165,1.00784,45,11
48,26,1.00254,1.00109,40,8
33,17,1.00127,1.0014,30,18
8,17,1.00129,1.00644,20,8
22,2,1.00504,1.00577,20,1
----Generation 152--------
40,19,1.00165,1.00784,45,14
8,17,1.00157,1.0014,35,44
8,17,1.00129,1.00641,25,18
6,17,1.00129,1.00644,20,23
33,27,1.00129,1.0014,5,3
----Generation 153--------
6,17,1.00594,1.00644,0,0
33,17,1.00129,1.00632,0,0
33,17,1.00129,1.00383,0,0
6,17,1.00016,1.0014,0,0
6,17,1.00129,1.00583,0,0
----Generation 154--------
39,28,1.00192,1.00655,60,3
50,31,1.00947,1.00285,20,5
12,9,1.00277,1.00678,0,0
28,21,1.0057,1.0071,0,0
40,16,1.00859,1.00756,0,0
----Generation 155--------
5,7,1.00073,1.00029,0,0
49,48,1.00884,1.00027,0,0
49,24,1.0025,1.00792,0,0
6,8,1.00203,1.00823,0,0
35,20,1.00217,1.00251,0,0
----Generation 156--------
26,43,1.00667,1.00476,0,0
37,47,1.00377,1.00627,0,0
39,28,1.00857,1.00248,0,0
8,10,1.00977,1.00879,0,0
28,29,1.00057,1.00695,0,0
----Generation 157--------
47,9,1.00227,1.00236,55,12
10,36,1.00914,1.00091,40,14
20,22,1.00019,1.00524,20,22
47,11,1.00977,1.00252,20,2
38,9,1.00202,1.00443,5,2
----Generation 158--------
47,9,1.00019,1.00524,0,0
38,6,1.00202,1.00443,0,0
47,29,1.00019,1.00524,0,0
38,22,1.00202,1.00968,0,0
8,9,1.00202,1.00443,0,0
----Generation 159--------
13,18,1.00631,1.00037,60,39
19,5,1.00224,1.00206,5,4
13,49,1.00317,1.00854,0,0
41,39,1.00205,1.00255,0,0
11,45,1.00204,1.00439,0,0
----Generation 160--------
30,40,1.00924,1.00325,0,0
29,3,1.00311,1.00451,0,0
44,36,1.00717,1.00368,0,0
46,7,1.00773,1.00904,0,0
23,38,1.00398,1.00206,0,0
----Generation 161--------
31,11,1.00153,1.00572,30,5
25,20,1.00054,1.00873,25,3
8,38,1.00415,1.00422,0,0
13,49,1.00677,1.00885,0,0
8,6,1.00496,1.00327,0,0
----Generation 162--------
26,10,1.00981,1.00072,0,0
13,42,1.00715,1.00838,0,0
49,36,1.00097,1.00287,0,0
25,25,1.00745,1.00228,0,0
28,2,1.00627,1.00231,0,0
----Generation 163--------
18,3,1.00389,1.0048,0,0
31,11,1.00666,1.00915,0,0
16,17,1.00221,1.00217,0,0
38,6,1.00279,1.00816,0,0
16,40,1.00574,1.00554,0,0
----Generation 164--------
43,8,1.00794,1.00992,0,0
23,34,1.00536,1.00873,0,0
16,24,1.00293,1.0042,0,0
28,17,1.00814,1.00394,0,0
11,17,1.00835,1.00082,0,0
----Generation 165--------
27,17,1.00418,1.00673,0,0
16,26,1.00187,1.0013,0,0
19,42,1.00635,1.00385,0,0
18,15,1.00803,1.004,0,0
5,8,1.00136,1.00749,0,0
----Generation 166--------
10,30,1.00322,1.00642,0,0
45,17,1.00139,1.00016,0,0
18,34,1.00316,1.0073,0,0
35,4,1.0027,1.00324,0,0
50,22,1.008,1.00391,0,0
----Generation 167--------
45,1,1.00387,1.00388,150,26
16,24,1.00396,1.00068,120,24
32,11,1.00696,1.00214,20,8
32,1,1.00186,1.00539,15,56
1,43,1.00566,1.00707,0,0
----Generation 168--------
6,1,1.00186,1.00539,540,37
16,1,1.00186,1.00214,275,113
32,1,1.00186,1.00952,40,82
12,11,1.00186,1.00214,0,0
32,33,1.00696,1.00214,0,0
----Generation 169--------
32,1,1.00186,1.00503,0,0
32,22,1.00186,1.00952,0,0
32,1,1.00097,1.00952,0,0
32,23,1.00186,1.00952,0,0
32,24,1.00186,1.00952,0,0
----Generation 170--------
20,16,1.00608,1.00372,0,0
43,35,1.00049,1.00717,0,0
1,32,1.00921,1.00014,0,0
50,46,1.00023,1.00371,0,0
26,24,1.0041,1.0038,0,0
----Generation 171--------
10,1,1.00297,1.00227,20,9
20,3,1.00639,1.0022,20,1
6,11,1.00997,1.0086,0,0
47,21,1.00886,1.00973,0,0
9,10,1.00722,1.00062,0,0
----Generation 172--------
9,2,1.00438,1.00841,0,0
17,33,1.0037,1.00692,0,0
48,5,1.00616,1.00903,0,0
29,41,1.00629,1.00923,0,0
24,33,1.00331,1.00145,0,0
----Generation 173--------
33,36,1.00072,1.0018,0,0
32,48,1.00781,1.00313,0,0
33,19,1.00862,1.00675,0,0
4,39,1.00564,1.0082,0,0
35,24,1.00585,1.00156,0,0
----Generation 174--------
24,28,1.00237,1.00323,0,0
5,43,1.00354,1.003,0,0
25,30,1.00977,1.00167,0,0
24,7,1.00083,1.00617,0,0
9,21,1.00601,1.00632,0,0
----Generation 175--------
27,3,1.00596,1.0042,0,0
18,13,1.00537,1.00483,0,0
33,27,1.00055,1.00844,0,0
7,29,1.00241,1.00302,0,0
2,35,1.00325,1.00998,0,0
----Generation 176--------
8,1,1.00445,1.00068,40,81
27,3,1.00596,1.0042,20,3
29,45,1.0047,1.00349,0,0
49,38,1.00651,1.00421,0,0
2,5,1.00665,1.00546,0,0
----Generation 177--------
11,20,1.00256,1.0016,160,28
29,32,1.00702,1.00037,80,32
15,41,1.00129,1.00293,30,134
13,35,1.00548,1.00317,20,11
5,35,1.00887,1.00665,20,3
----Generation 178--------
13,35,1.00548,1.00214,0,0
26,35,1.00887,1.00665,0,0
5,35,1.00887,1.00375,0,0
13,41,1.00548,1.00665,0,0
5,35,1.00568,1.00317,0,0
----Generation 179--------
36,26,1.00107,1.00137,0,0
40,50,1.00461,1.0076,0,0
1,6,1.00453,1.00597,0,0
43,9,1.001,1.00074,0,0
48,7,1.0047,1.00306,0,0
----Generation 180--------
32,3,1.00866,1.00915,110,9
24,2,1.00836,1.0086,85,6
12,4,1.0063,1.00605,60,3
26,6,1.00555,1.00231,45,13
17,39,1.005,1.00534,20,5
----Generation 181--------
24,2,1.00836,1.0086,145,16
26,10,1.00555,1.00605,135,19
32,3,1.00866,1.00915,130,24
26,6,1.00555,1.00534,105,34
26,6,1.0054400000000001,1.00534,105,34
----Generation 182--------
32,40,1.00866,1.00915,0,0
26,6,1.0054400000000001,1.00814,0,0
26,2,1.00866,1.00534,0,0
32,6,1.00111,1.00534,0,0
35,6,1.00866,1.00534,0,0
----Generation 183--------
8,1,1.00661,1.00147,120,16
6,41,1.00287,1.00818,30,12
4,35,1.00096,1.00806,30,43
13,20,1.00763,1.00122,20,7
15,29,1.00836,1.0011,20,13
----Generation 184--------
8,1,1.00661,1.00147,60,30
13,20,1.00096,1.00122,50,14
38,29,1.00836,1.00122,40,2
13,20,1.00096,1.00903,30,13
13,4,1.00096,1.00122,30,47
----Generation 185--------
13,45,1.00836,1.00903,0,0
38,36,1.00096,1.00122,0,0
38,4,1.00135,1.00122,0,0
38,4,1.00836,1.00407,0,0
13,8,1.00096,1.00903,0,0
----Generation 186--------
39,6,1.00235,1.00393,0,0
25,36,1.0008,1.00045,0,0
35,24,1.00094,1.00095,0,0
8,16,1.00001,1.00723,0,0
4,44,1.00981,1.00533,0,0
----Generation 187--------
31,23,1.00889,1.0022,0,0
30,22,1.0062,1.00542,0,0
31,7,1.00634,1.00238,0,0
46,23,1.00913,1.00499,0,0
39,42,1.00821,1.00487,0,0
----Generation 188--------
32,49,1.00647,1.00141,20,3
6,14,1.00291,1.00333,15,6
46,37,1.00967,1.00698,0,0
42,23,1.00937,1.00698,0,0
24,35,1.00692,1.00242,0,0
----Generation 189--------
40,28,1.00085,1.00844,0,0
15,2,1.00594,1.00893,0,0
21,3,1.00821,1.00761,0,0
37,7,1.00006,1.00266,0,0
23,44,1.0062,1.00484,0,0
----Generation 190--------
49,1,1.00995,1.00375,80,24
45,5,1.00508,1.00018,40,87
32,10,1.00186,1.00664,25,10
45,42,1.0073,1.00035,20,17
30,46,1.00526,1.00072,20,12
----Generation 191--------
30,6,1.0073,1.00035,0,0
47,10,1.00186,1.00664,0,0
45,1,1.0073,1.00035,0,0
30,13,1.00526,1.00072,0,0
17,10,1.00526,1.00072,0,0
----Generation 192--------
4,28,1.00968,1.00685,0,0
7,38,1.00551,1.00539,0,0
20,40,1.00657,1.00488,0,0
5,7,1.00177,1.00793,0,0
2,23,1.00845,1.00277,0,0
----Generation 193--------
18,33,1.0063,1.00182,120,11
7,14,1.00198,1.0055,20,1
49,36,1.0088,1.00765,0,0
37,3,1.00868,1.00758,0,0
47,46,1.00448,1.00665,0,0
----Generation 194--------
17,4,1.00563,1.00848,0,0
25,44,1.00362,1.00006,0,0
13,11,1.00016,1.00015,0,0
46,2,1.00185,1.00576,0,0
44,46,1.00156,1.00429,0,0
----Generation 195--------
27,34,1.00183,1.00242,70,7
19,45,1.00484,1.0088,45,11
46,40,1.00725,1.00093,40,10
13,32,1.0032,1.00948,35,21
17,4,1.00563,1.00848,0,0
----Generation 196--------
46,32,1.00321,1.00948,45,25
13,27,1.0032,1.00948,10,11
46,40,1.00725,1.00723,0,0
24,32,1.0032,1.00948,0,0
46,32,1.00725,1.00456,0,0
----Generation 197--------
36,11,1.00948,1.00116,0,0
29,30,1.00035,1.00627,0,0
2,36,1.00897,1.00253,0,0
21,11,1.00804,1.00035,0,0
20,16,1.00108,1.00682,0,0
----Generation 198--------
26,14,1.00107,1.00727,60,3
1,1,1.00569,1.00157,0,0
8,13,1.00251,1.00245,0,0
18,6,1.00934,1.00679,0,0
39,37,1.00812,1.00314,0,0
----Generation 199--------
11,5,1.00329,1.00903,0,0
2,16,1.00462,1.00419,0,0
2,14,1.00028,1.00984,0,0
39,15,1.00819,1.00813,0,0
42,42,1.00076,1.00586,0,0
----Generation 200--------
45,33,1.00762,1.00251,0,0
21,22,1.00252,1.00765,0,0
42,12,1.00279,1.00085,0,0
20,2,1.00488,1.00697,0,0
9,20,1.00329,1.00448,0,0
----Generation 201--------
38,6,1.00757,1.00294,0,0
43,7,1.00145,1.00777,0,0
20,16,1.00912,1.00887,0,0
5,33,1.00949,1.00031,0,0
44,10,1.0007,1.00776,0,0
----Generation 202--------
39,36,1.0035,1.00089,0,0
25,18,1.00969,1.00255,0,0
19,22,1.00784,1.00276,0,0
2,3,1.00348,1.0052,0,0
48,3,1.00957,1.00669,0,0
----Generation 203--------
39,36,1.0035,1.00089,0,0
30,29,1.00621,1.00937,0,0
25,42,1.00986,1.0059,0,0
49,21,1.00857,1.00637,0,0
37,39,1.00611,1.00133,0,0
----Generation 204--------
7,1,1.00298,1.00146,200,11
11,35,1.00422,1.00072,80,22
3,29,1.00936,1.00355,60,7
39,26,1.00828,1.00348,0,0
41,13,1.00465,1.00918,0,0
----Generation 205--------
7,1,1.00298,1.00146,190,108
3,12,1.00936,1.00355,120,14
3,11,1.00936,1.00355,80,12
3,16,1.00936,1.00355,60,15
3,29,1.00936,1.00788,40,2
----Generation 206--------
3,16,1.00936,1.00174,20,10
3,11,1.00936,1.00146,20,5
3,11,1.00936,1.00176,20,3
19,29,1.00936,1.00355,0,0
3,16,1.00505,1.00355,0,0
----Generation 207--------
3,11,1.00936,1.0056,0,0
37,11,1.00936,1.00176,0,0
45,11,1.00936,1.00176,0,0
20,11,1.00936,1.00176,0,0
3,11,1.00648,1.00176,0,0
----Generation 208--------
13,1,1.00222,1.00488,80,18
15,31,1.00612,1.0008,60,25
14,22,1.00929,1.00222,40,2
39,18,1.00253,1.00812,20,1
34,30,1.00091,1.00524,5,2
----Generation 209--------
13,1,1.00222,1.00488,80,13
14,30,1.00253,1.00812,40,9
2,18,1.00253,1.00222,30,16
4,18,1.00253,1.00812,25,10
14,18,1.00086,1.00812,20,8
----Generation 210--------
4,18,1.00253,1.00784,310,55
4,18,1.00253,1.00812,310,55
4,16,1.00253,1.00812,270,49
4,18,1.00143,1.00812,235,102
2,18,1.00253,1.00974,230,61
----Generation 211--------
47,18,1.00143,1.00812,0,0
4,18,1.00523,1.00812,0,0
17,18,1.00253,1.00812,0,0
2,28,1.00253,1.00812,0,0
4,18,1.00143,1.00052,0,0
----Generation 212--------
38,42,1.00036,1.00047,30,7
24,49,1.00434,1.0012,20,3
30,25,1.00427,1.00539,0,0
30,38,1.00811,1.00601,0,0
21,28,1.00248,1.00802,0,0
----Generation 213--------
17,5,1.00464,1.00198,80,6
38,42,1.00036,1.00047,40,2
26,6,1.00376,1.00212,20,1
20,11,1.00687,1.00076,20,5
13,13,1.00769,1.00807,0,0
----Generation 214--------
45,6,1.00687,1.00212,0,0
8,6,1.00376,1.00212,0,0
26,11,1.00687,1.00224,0,0
45,6,1.00687,1.00076,0,0
26,9,1.00376,1.00212,0,0
----Generation 215--------
35,34,1.00295,1.00967,0,0
31,17,1.00905,1.00958,0,0
40,32,1.00628,1.00668,0,0
50,30,1.00645,1.00731,0,0
8,21,1.00858,1.00066,0,0
----Generation 216--------
43,20,1.0022,1.00435,45,18
28,15,1.00244,1.00174,45,22
21,6,1.0052,1.00758,45,4
5,46,1.00587,1.00474,20,5
21,35,1.00317,1.00369,20,9
----Generation 217--------
21,35,1.0052,1.00101,0,0
21,46,1.00243,1.00474,0,0
23,35,1.00317,1.00369,0,0
6,6,1.00587,1.00474,0,0
21,48,1.00317,1.00758,0,0
----Generation 218--------
16,18,1.00761,1.00217,0,0
12,47,1.00452,1.00641,0,0
14,26,1.00439,1.0096,0,0
47,23,1.00123,1.00321,0,0
10,6,1.0036,1.0062,0,0
----Generation 219--------
40,43,1.0098799999999999,1.00958,0,0
39,47,1.00702,1.00992,0,0
3,34,1.00941,1.00321,0,0
20,13,1.00167,1.00617,0,0
1,41,1.00045,1.00647,0,0
----Generation 220--------
6,19,1.00355,1.00826,0,0
10,14,1.00568,1.00437,0,0
5,45,1.0024,1.00951,0,0
3,39,1.00565,1.00396,0,0
27,40,1.00403,1.00519,0,0
----Generation 221--------
47,8,1.00417,1.0005,310,103
44,7,1.00855,1.00038,120,90
40,2,1.00756,1.00816,55,8
49,15,1.00519,1.004,50,19
12,5,1.00351,1.00096,40,26
----Generation 222--------
40,2,1.00321,1.00816,60,3
49,5,1.00351,1.00167,20,20
49,15,1.00519,1.00579,0,0
49,32,1.00519,1.004,0,0
49,11,1.00519,1.004,0,0
----Generation 223--------
6,4,1.00948,1.00398,0,0
11,42,1.00934,1.00077,0,0
49,24,1.00001,1.00848,0,0
21,20,1.00289,1.00783,0,0
23,19,1.00504,1.00255,0,0
----Generation 224--------
15,36,1.00324,1.00527,0,0
29,27,1.00715,1.00133,0,0
44,42,1.00339,1.00045,0,0
26,44,1.00751,1.00486,0,0
50,20,1.00687,1.00757,0,0
----Generation 225--------
19,5,1.00482,1.00339,0,0
2,8,1.00086,1.00914,0,0
13,24,1.00754,1.00963,0,0
40,8,1.00053,1.00249,0,0
7,23,1.00043,1.00999,0,0
----Generation 226--------
44,3,1.0072,1.00186,0,0
5,18,1.00306,1.00928,0,0
40,28,1.00194,1.00934,0,0
5,26,1.00493,1.00853,0,0
33,41,1.00548,1.00739,0,0
----Generation 227--------
5,37,1.00168,1.00451,25,3
1,27,1.00352,1.00229,20,3
17,11,1.00128,1.00091,20,5
46,36,1.00508,1.00674,0,0
12,38,1.00462,1.00638,0,0
----Generation 228--------
16,11,1.00128,1.00091,70,18
17,11,1.00128,1.00852,25,17
17,11,1.00128,1.00968,25,17
17,11,1.00128,1.0025,25,17
17,11,1.00128,1.00237,25,17
----Generation 229--------
17,11,1.00128,1.00237,0,0
17,32,1.00128,1.00968,0,0
17,11,1.00128,1.00181,0,0
1,11,1.00128,1.0025,0,0
7,11,1.00128,1.0025,0,0
----Generation 230--------
6,4,1.00363,1.00561,0,0
19,25,1.00474,1.00996,0,0
2,40,1.00424,1.00399,0,0
7,13,1.00347,1.00519,0,0
2,5,1.00375,1.00147,0,0
----Generation 231--------
33,1,1.00483,1,120,83
18,27,1.00538,1.00117,40,8
41,17,1.00196,1.00921,10,11
32,13,1.00717,1.00255,0,4
40,14,1.00518,1.00699,0,0
----Generation 232--------
34,17,1.00196,1.00921,0,0
41,17,1.00196,1.00418,0,0
41,17,1.00196,1.00778,0,0
41,17,1.00552,1.00921,0,0
41,17,1.00082,1.00921,0,0
----Generation 233--------
39,1,1.00633,1.00351,100,5
18,8,1.00285,1.00164,40,8
23,21,1.00163,1.00843,0,0
20,30,1.00481,1.00407,0,0
49,20,1.00454,1.00352,0,0
----Generation 234--------
47,48,1.007,1.0046,0,0
44,24,1.00888,1.00603,0,0
27,34,1.00188,1.00679,0,0
32,47,1.00914,1.00309,0,0
25,47,1.00421,1.00319,0,0
----Generation 235--------
47,31,1.00154,1.00288,0,0
20,27,1.0014,1.00672,0,0
47,16,1.00118,1.00553,0,0
33,37,1.00876,1.00086,0,0
7,46,1.00646,1.00783,0,0
----Generation 236--------
29,38,1.0005,1.00372,130,24
9,40,1.00651,1.00602,85,6
20,27,1.0014,1.00672,80,4
8,34,1.00576,1.00656,70,7
7,33,1.0034,1.00315,60,23
----Generation 237--------
7,34,1.00507,1.00315,100,7
7,36,1.0034,1.00315,70,13
8,34,1.00576,1.00152,60,35
41,34,1.0014,1.00672,40,2
8,45,1.00576,1.00315,40,5
----Generation 238--------
33,45,1.0014,1.00315,20,1
8,45,1.00305,1.00315,0,0
41,34,1.00431,1.00672,0,0
11,34,1.00576,1.00315,0,0
8,45,1.00576,1.00697,0,0
----Generation 239--------
3,37,1.00193,1.00833,25,115
11,44,1.00507,1.00578,20,7
26,31,1.00556,1.0022,0,0
35,25,1.00924,1.00401,0,0
24,38,1.00487,1.00876,0,0
----Generation 240--------
29,50,1.00042,1.00632,65,13
25,39,1.0003,1.00792,55,24
9,7,1.00106,1.00669,20,1
46,5,1.00631,1.00496,0,0
3,18,1.00553,1.00866,0,0
----Generation 241--------
4,7,1.00106,1.00669,0,0
6,7,1.00106,1.00669,0,0
9,7,1.0043,1.00669,0,0
9,7,1.00678,1.00669,0,0
6,7,1.00106,1.00669,0,0
----Generation 242--------
48,31,1.00333,1.00444,0,0
43,15,1.00648,1.00526,0,0
17,34,1.00949,1.00881,0,0
26,41,1.00795,1.00682,0,0
36,37,1.001,1.001,0,0
----Generation 243--------
39,23,1.00171,1.00882,190,34
48,18,1.00204,1.00742,160,57
47,29,1.00177,1.00937,125,29
19,34,1.00736,1.00179,40,14
6,43,1.00525,1.00543,25,26
----Generation 244--------
19,16,1.00177,1.00937,245,21
49,29,1.00177,1.00543,215,37
39,23,1.00171,1.00882,210,42
47,37,1.00177,1.00179,170,40
47,37,1.00177,1.00543,170,40
----Generation 245--------
39,42,1.00171,1.00882,0,0
47,37,1.00974,1.00543,0,0
39,30,1.00171,1.00543,0,0
25,23,1.00177,1.00179,0,0
8,37,1.00177,1.00179,0,0
----Generation 246--------
1,22,1.00788,1.0043,20,1
34,18,1.00904,1.00163,20,9
33,43,1.00176,1.00241,5,2
41,8,1.00908,1.00901,0,0
19,1,1.00854,1.00851,0,0
----Generation 247--------
33,14,1.00176,1.00241,0,0
33,43,1.00031,1.00241,0,0
33,25,1.00176,1.00241,0,0
33,6,1.00176,1.00241,0,0
33,43,1.00176,1.00914,0,0
----Generation 248--------
45,5,1.00465,1.00072,0,0
30,48,1.00266,1.00355,0,0
30,25,1.00857,1.00493,0,0
3,37,1.00073,1.00038,0,0
4,10,1.00378,1.00901,0,0
----Generation 249--------
20,6,1.003,1.00705,90,8
29,13,1.00393,1.00003,90,62
38,3,1.00267,1.0018,70,44
45,5,1.00465,1.00072,40,31
16,25,1.00518,1.00855,0,0
----Generation 250--------
9,3,1.00267,1.0018,95,23
21,3,1.00267,1.0018,65,44
38,50,1.00267,1.0018,60,9
38,5,1.00465,1.00296,55,17
38,3,1.00267,1.00365,50,43
----Generation 251--------
38,1,1.00267,1.00296,55,35
38,4,1.00267,1.00296,20,20
38,5,1.00267,1.00497,20,8
17,5,1.00465,1.0018,20,5
38,5,1.00267,1.00653,20,8
----Generation 252--------
38,4,1.00267,1.00296,140,9
17,3,1.00465,1.0018,100,11
33,5,1.00465,1.0018,100,13
22,5,1.00267,1.0018,95,18
38,1,1.00267,1.00296,85,11
----Generation 253--------
38,5,1.00465,1.00874,0,0
38,2,1.00267,1.0018,0,0
40,1,1.00267,1.0018,0,0
4,1,1.00267,1.00296,0,0
38,36,1.00267,1.00296,0,0
----Generation 254--------
17,30,1.00424,1.00223,40,2
32,22,1.00474,1.00092,20,1
23,35,1.00789,1.00155,20,3
50,26,1.00297,1.00567,5,3
28,7,1.00705,1.00977,0,0
----Generation 255--------
20,26,1.00789,1.00155,40,4
20,26,1.00297,1.00155,40,4
23,10,1.00297,1.00155,15,19
23,11,1.00297,1.00567,5,9
23,22,1.00789,1.00155,0,0
----Generation 256--------
23,48,1.00297,1.00567,0,0
23,8,1.00297,1.00155,0,0
23,10,1.00418,1.00155,0,0
23,10,1.00168,1.00155,0,0
23,10,1.00297,1.00201,0,0
----Generation 257--------
5,3,1.00892,1.00054,120,10
6,1,1.00011,1.00051,35,178
18,10,1.00294,1.00247,0,0
9,38,1.00966,1.00371,0,0
15,3,1.00639,1.00931,0,0
----Generation 258--------
41,29,1.00821,1.00342,0,0
16,31,1.00568,1.00193,0,0
30,4,1.0039,1.00607,0,0
35,40,1.00852,1.00505,0,0
24,2,1.00768,1.00566,0,0
----Generation 259--------
25,17,1.00575,1.00227,0,0
10,23,1.00604,1.00649,0,0
48,13,1.00428,1.00945,0,0
8,23,1.00851,1.00622,0,0
45,38,1.00202,1.00246,0,0
----Generation 260--------
43,16,1.00922,1.00109,0,0
14,32,1.00494,1.00358,0,0
20,29,1.00241,1.00617,0,0
8,17,1.00675,1.00233,0,0
17,50,1.00517,1.00163,0,0
----Generation 261--------
37,35,1.00644,1.0009,0,0
6,9,1.00169,1.00223,0,0
30,29,1.00914,1.00263,0,0
42,16,1.00379,1.00761,0,0
16,26,1.0012,1.00321,0,0
----Generation 262--------
50,14,1.00675,1.00142,160,15
29,15,1.00383,1.0011,105,36
6,2,1.00375,1.00475,100,5
48,23,1.00545,1.00003,80,58
26,3,1.00582,1.00411,70,7
----Generation 263--------
26,3,1.00375,1.00875,45,4
6,37,1.00582,1.00411,15,6
26,2,1.00375,1.00935,10,4
48,3,1.00545,1.00654,0,0
26,3,1.00582,1.00971,0,0
----Generation 264--------
6,37,1.00582,1.00411,60,9
26,14,1.00375,1.00935,0,0
26,2,1.0096,1.00935,0,0
9,2,1.00375,1.00935,0,0
26,17,1.00375,1.00935,0,0
----Generation 265--------
44,8,1.00973,1.00549,0,0
47,23,1.0096,1.00827,0,0
47,43,1.00985,1.00768,0,0
27,18,1.00908,1.00568,0,0
14,28,1.00942,1.00769,0,0
----Generation 266--------
47,49,1.00542,1.00732,0,0
43,43,1.0012,1.00877,0,0
10,27,1.00411,1.00132,0,0
16,13,1.00732,1.00918,0,0
47,24,1.00807,1.00463,0,0
----Generation 267--------
46,18,1.00736,1.00308,0,0
41,7,1.00185,1.00978,0,0
13,2,1.00314,1.00089,0,0
36,42,1.00282,1.00662,0,0
26,41,1.00072,1.0008,0,0
----Generation 268--------
27,44,1.00439,1.00439,0,0
19,9,1.00663,1.00463,0,0
15,38,1.00414,1.00608,0,0
24,27,1.0026,1.00511,0,0
35,24,1.00523,1.00784,0,0
----Generation 269--------
44,7,1.00061,1.00719,0,0
34,44,1.00692,1.00186,0,0
16,40,1.00783,1.00578,0,0
36,36,1.00805,1.00796,0,0
18,1,1.00286,1.00356,0,0
----Generation 270--------
5,1,1.00785,1.0035,60,3
23,2,1.00828,1.00802,20,3
44,24,1.00919,1.00604,0,0
19,18,1.00717,1.00349,0,0
19,39,1.00541,1.0064,0,0
----Generation 271--------
20,1,1.00529,1.00173,80,40
49,2,1.00722,1.00314,45,27
49,9,1.00502,1.00971,35,14
40,50,1.00353,1.00174,20,3
49,8,1.00797,1.00364,15,8
----Generation 272--------
17,9,1.00502,1.00971,0,0
49,50,1.00502,1.00108,0,0
40,8,1.00073,1.00174,0,0
40,50,1.00871,1.00174,0,0
49,2,1.00502,1.00364,0,0
----Generation 273--------
10,1,1.0074,1.00581,280,16
34,5,1.00502,1.00852,250,30
40,6,1.00361,1.00416,160,41
28,1,1.00912,1.00421,150,35
41,15,1.00674,1.00669,130,24
----Generation 274--------
28,1,1.00361,1.00277,40,40
41,6,1.00361,1.009,5,2
5,15,1.00674,1.00669,0,0
34,5,1.00502,1.00852,0,0
32,15,1.00674,1.00669,0,0
----Generation 275--------
44,28,1.00947,1.00343,0,0
47,42,1.00464,1.00594,0,0
9,24,1.00899,1.00959,0,0
32,40,1.00831,1.00904,0,0
16,38,1.00743,1.00344,0,0
----Generation 276--------
39,42,1.00256,1.00359,0,0
41,11,1.00663,1.00786,0,0
44,49,1.00307,1.00273,0,0
44,47,1.00586,1.00997,0,0
40,22,1.00293,1.00182,0,0
----Generation 277--------
30,46,1.00077,1.00319,0,0
6,44,1.00438,1.00884,0,0
39,6,1.00282,1.00677,0,0
49,34,1.00792,1.00887,0,0
26,28,1.00719,1.00542,0,0
----Generation 278--------
45,46,1.00964,1.00831,0,0
31,10,1.00226,1.00379,0,0
15,22,1.0016,1.00411,0,0
25,45,1.00992,1.00614,0,0
34,42,1.00643,1.00709,0,0
----Generation 279--------
26,47,1.00381,1.00313,0,0
12,33,1.00699,1.00246,0,0
29,16,1.00865,1.00508,0,0
33,14,1.00155,1.00196,0,0
39,35,1.0012,1.00371,0,0
----Generation 280--------
47,14,1.00391,1.00232,0,0
5,6,1.00918,1.00631,0,0
18,47,1.00803,1.00302,0,0
6,50,1.00733,1.00175,0,0
1,11,1.00237,1.00316,0,0
----Generation 281--------
9,24,1.0032,1.00619,0,0
17,42,1.00341,1.00484,0,0
21,15,1.00851,1.00933,0,0
41,34,1.00939,1.00855,0,0
17,49,1.00449,1.00245,0,0
----Generation 282--------
4,41,1.00603,1.00825,95,10
17,43,1.00235,1.00085,95,39
5,41,1.00521,1.00452,80,11
4,18,1.00235,1.00806,55,43
5,46,1.0055,1.00935,40,9
----Generation 283--------
5,22,1.00235,1.00806,100,47
5,49,1.0055,1.00935,40,23
4,41,1.00603,1.00825,25,10
4,46,1.0055,1.00583,25,28
5,18,1.0055,1.00288,20,13
----Generation 284--------
4,18,1.0055,1.00045,0,0
6,18,1.0055,1.00288,0,0
4,46,1.00594,1.00583,0,0
4,26,1.0055,1.00825,0,0
6,46,1.0055,1.00583,0,0
----Generation 285--------
11,30,1.00122,1.00682,100,19
27,39,1.0016,1.00073,80,22
3,39,1.00304,1.009,65,12
11,41,1.00348,1.00926,15,6
28,31,1.00294,1.00158,0,0
----Generation 286--------
3,39,1.00167,1.009,0,0
3,45,1.00304,1.009,0,0
11,24,1.00348,1.00926,0,0
11,39,1.00273,1.00926,0,0
3,39,1.00304,1.00771,0,0
----Generation 287--------
35,22,1.00683,1.00082,40,3
14,5,1.00928,1.0018,20,7
41,6,1.00691,1.00167,20,3
12,42,1.00225,1.00982,0,0
31,20,1.00108,1.00388,0,1
----Generation 288--------
35,6,1.00691,1.00167,280,69
41,17,1.00691,1.00167,205,45
33,6,1.00691,1.00167,200,63
33,6,1.00691,1.00167,200,63
27,6,1.00691,1.00167,170,60
----Generation 289--------
24,6,1.00691,1.00167,0,0
19,6,1.00691,1.00167,0,0
27,6,1.00132,1.00167,0,0
36,6,1.00691,1.00167,0,0
27,27,1.00691,1.00167,0,0
----Generation 290--------
37,31,1.00809,1.00047,20,7
36,48,1.00084,1.00505,10,11
13,7,1.00941,1.00839,0,0
50,49,1.0049,1.00517,0,0
31,21,1.00248,1.00896,0,0
----Generation 291--------
49,30,1.00087,1.00922,90,17
25,34,1.00491,1.00135,20,1
12,3,1.00281,1.00494,10,4
36,48,1.00084,1.00505,5,2
46,22,1.00645,1.0093,0,0
----Generation 292--------
3,48,1.00281,1.00505,0,0
36,3,1.00281,1.00827,0,0
36,3,1.00441,1.00505,0,0
36,48,1.00084,1.00797,0,0
36,1,1.00281,1.00494,0,0
----Generation 293--------
4,25,1.00259,1.00415,70,42
6,4,1.00113,1.00539,25,3
18,40,1.00444,1.001,15,26
14,32,1.00658,1.00519,0,0
35,29,1.00245,1.00965,0,0
----Generation 294--------
15,40,1.00444,1.001,0,0
18,40,1.00665,1.001,0,0
18,45,1.00444,1.001,0,0
18,15,1.00444,1.001,0,0
18,29,1.00444,1.001,0,0
----Generation 295--------
38,44,1.00756,1.00133,0,0
11,6,1.00289,1.00735,0,0
32,24,1.00974,1.00331,0,0
33,38,1.00577,1.00056,0,0
35,3,1.00899,1.00993,0,0
----Generation 296--------
42,31,1.00156,1.00858,0,0
14,50,1.00542,1.00828,0,0
3,25,1.00347,1.00824,0,0
39,11,1.00257,1.00357,0,0
47,45,1.006,1.00371,0,0
----Generation 297--------
10,34,1.00906,1.00152,160,31
17,40,1.00307,1.00215,80,13
42,31,1.00156,1.00858,20,1
12,22,1.00452,1.00258,20,1
7,4,1.00129,1.00688,5,9
----Generation 298--------
7,4,1.00452,1.00036,60,58
42,26,1.00156,1.00688,10,4
12,10,1.00156,1.00258,0,0
16,22,1.00156,1.00258,0,0
42,22,1.00452,1.0054400000000001,0,0
----Generation 299--------
11,19,1.00997,1.00213,40,2
6,39,1.00635,1.0021,40,33
19,1,1.00431,1.00652,40,9
7,14,1.00628,1.0019,20,5
38,43,1.00064,1.00147,20,1
----Generation 300--------
19,5,1.00431,1.00147,0,0
7,41,1.00628,1.0019,0,0
38,1,1.00645,1.00147,0,0
30,43,1.00628,1.0019,0,0
19,5,1.00431,1.0019,0,0
----Generation 301--------
38,4,1.00702,1.00218,0,0
6,23,1.00445,1.00424,0,0
21,44,1.00353,1.00577,0,0
21,36,1.00483,1.00577,0,0
14,28,1.00304,1.0071,0,0
----Generation 302--------
50,22,1.00801,1.00415,0,0
45,44,1.00542,1.0066,0,0
9,44,1.00058,1.00136,0,0
18,22,1.00859,1.00728,0,0
3,5,1.00903,1.00494,0,0
----Generation 303--------
14,38,1.00919,1.00172,40,10
30,1,1.00394,1.00059,25,42
27,49,1.00394,1.00219,20,1
12,1,1.00352,1.00948,5,2
43,31,1.00905,1.00476,0,0
----Generation 304--------
34,49,1.00394,1.00219,0,0
27,49,1.00394,1.00393,0,0
12,46,1.00352,1.00219,0,0
27,49,1.0049,1.00948,0,0
12,1,1.00352,1.00871,0,0
----Generation 305--------
19,37,1.00534,1.0021,0,0
44,48,1.00314,1.00788,0,0
48,16,1.00838,1.00556,0,0
22,48,1.0092,1.00389,0,0
7,9,1.00663,1.00002,0,0
----Generation 306--------
12,1,1.00207,1.00855,150,18
6,13,1.00196,1.00259,40,30
42,49,1.00821,1.00055,20,3
46,3,1.00485,1.0079,10,4
4,22,1.00528,1.00634,10,4
----Generation 307--------
15,22,1.00528,1.00055,0,0
42,22,1.00381,1.00055,0,0
4,22,1.00821,1.00928,0,0
4,50,1.00528,1.00055,0,0
4,3,1.00396,1.0079,0,0
----Generation 308--------
37,9,1.00304,1.00514,80,10
37,1,1.0017,1.00867,75,18
8,42,1.00659,1.00703,30,5
6,41,1.00796,1.00442,20,1
26,6,1.00165,1.00392,10,26
----Generation 309--------
26,1,1.00165,1.00392,110,17
26,6,1.00165,1.00256,60,14
21,6,1.00165,1.00703,45,11
26,6,1.00165,1.0049,40,10
26,6,1.00165,1.00676,40,10
----Generation 310--------
26,6,1.00393,1.00676,0,0
26,6,1.00381,1.0049,0,0
26,6,1.00559,1.0049,0,0
26,6,1.00465,1.00676,0,0
26,6,1.00896,1.00676,0,0
----Generation 311--------
25,37,1.00526,1.00229,0,0
38,12,1.00121,1.00126,0,0
48,21,1.00075,1.00936,0,0
34,34,1.00834,1.00178,0,0
25,45,1.00249,1.00763,0,0
----Generation 312--------
27,12,1.00329,1.00861,70,7
4,8,1.00175,1.00694,60,10
3,19,1.00412,1.00551,50,8
25,13,1.00246,1.00444,40,16
38,34,1.00064,1.00545,30,12
----Generation 313--------
21,19,1.00412,1.00551,0,0
3,13,1.00663,1.00444,0,0
12,19,1.00412,1.00545,0,0
38,34,1.00064,1.00545,0,0
25,13,1.00246,1.00692,0,0
----Generation 314--------
24,50,1.00894,1.00041,0,0
17,1,1.00823,1.00469,0,0
32,43,1.00319,1.00108,0,0
22,35,1.00807,1.00916,0,0
30,32,1.00047,1.00432,0,0
----Generation 315--------
28,32,1.00333,1.00257,0,0
11,2,1.00068,1.00064,0,0
24,7,1.00948,1.00864,0,0
36,37,1.00758,1.00161,0,0
31,40,1.00365,1.00518,0,0
----Generation 316--------
46,25,1.00914,1.0035,0,0
3,32,1.00182,1.00452,0,0
42,12,1.00364,1.00479,0,0
43,32,1.00783,1.00092,0,0
44,41,1.00482,1.00681,0,0
----Generation 317--------
14,33,1.00647,1.00483,20,1
3,10,1.00339,1.00821,10,4
26,37,1.00464,1.00855,0,0
25,14,1.00473,1.0086,0,0
50,45,1.00482,1.00614,0,0
----Generation 318--------
42,1,1.00721,1.00088,120,22
22,32,1.00135,1.00386,20,1
23,41,1.00286,1.00672,0,0
14,19,1.00814,1.00857,0,0
49,12,1.00695,1.00496,0,0
----Generation 319--------
19,29,1.00511,1.00947,0,0
16,26,1.00449,1.00906,0,0
27,38,1.00936,1.00913,0,0
14,12,1.00013,1.00036,0,0
11,38,1.00493,1.00255,0,0
----Generation 320--------
4,13,1.00654,1.00409,40,2
17,50,1.00923,1.00266,40,4
11,27,1.00226,1.00493,40,9
24,33,1.00602,1.00198,40,6
4,35,1.00112,1.00308,25,44
----Generation 321--------
4,28,1.00602,1.00308,60,3
4,31,1.00602,1.00198,40,4
11,35,1.00259,1.00493,30,5
11,27,1.00226,1.00493,25,3
11,27,1.00226,1.00545,25,3
----Generation 322--------
11,28,1.00259,1.00493,50,13
11,22,1.00226,1.00545,45,11
49,27,1.00259,1.00493,40,9
6,27,1.00226,1.00545,25,45
11,19,1.00259,1.00493,20,1
----Generation 323--------
6,27,1.0046,1.00545,0,0
6,27,1.00259,1.00117,0,0
6,38,1.00226,1.00545,0,0
11,41,1.00226,1.00493,0,0
6,27,1.00146,1.00493,0,0
----Generation 324--------
15,32,1.00345,1.0022,0,0
35,3,1.00632,1.00094,0,0
6,33,1.00443,1.00368,0,0
49,44,1.00514,1.00734,0,0
3,3,1.0069,1.00717,0,0
----Generation 325--------
50,7,1.00189,1.00506,60,10
33,1,1.00193,1.00145,55,30
38,32,1.00989,1.00074,20,1
50,17,1.00604,1.00166,20,2
3,16,1.00454,1.00683,0,0
----Generation 326--------
38,32,1.00604,1.00509,0,0
38,17,1.00058,1.00166,0,0
12,32,1.00989,1.00074,0,0
34,17,1.00604,1.00166,0,0
10,32,1.00989,1.00074,0,0
----Generation 327--------
5,23,1.00404,1.00961,80,11
38,17,1.00058,1.00166,70,29
36,19,1.00461,1.00164,40,18
48,37,1.00052,1.00101,30,21
46,2,1.0067,1.00856,20,3
----Generation 328--------
28,19,1.0067,1.00856,0,0
36,27,1.00461,1.00856,0,0
48,15,1.00052,1.00101,0,0
36,2,1.00607,1.00856,0,0
36,19,1.00461,1.00214,0,0
----Generation 329--------
7,17,1.00277,1.00984,0,0
44,12,1.00117,1.00747,0,0
26,35,1.0048,1.00136,0,0
21,48,1,1.00357,0,0
41,7,1.00064,1.0003,0,0
----Generation 330--------
32,44,1.00049,1.00731,0,0
46,13,1.00558,1.00659,0,0
45,39,1.00502,1.00562,0,0
37,47,1.00574,1.00937,0,0
23,25,1.00223,1.00494,0,0
----Generation 331--------
11,4,1.00428,1.00189,20,5
3,12,1.00966,1.00257,20,1
1,19,1.0064,1.0028,20,1
14,1,1.00062,1.00746,0,65
8,34,1.00953,1.00826,0,0
----Generation 332--------
1,46,1.0064,1.0028,0,0
8,19,1.0064,1.0028,0,0
20,19,1.0064,1.0028,0,0
1,19,1.0064,1.0048,0,0
1,3,1.0064,1.0028,0,0
----Generation 333--------
19,15,1.00095,1.0027,130,17
6,35,1.00323,1.00617,60,24
13,48,1.00526,1.00611,50,6
26,31,1.00061,1.00791,30,12
13,27,1.00867,1.00288,20,7
----Generation 334--------
13,48,1.00526,1.00404,15,6
13,48,1.00526,1.00832,15,6
16,48,1.00526,1.00791,10,4
13,30,1.00526,1.00791,0,0
13,48,1.00867,1.00215,0,0
----Generation 335--------
9,48,1.00526,1.00791,20,8
16,48,1.00361,1.00791,20,15
13,48,1.00526,1.00404,10,4
14,48,1.00526,1.00791,10,4
13,48,1.00526,1.00832,10,4
----Generation 336--------
13,48,1.0066,1.00404,0,0
14,48,1.00526,1.00329,0,0
14,48,1.00215,1.00791,0,0
14,48,1.00526,1.00389,0,0
13,37,1.00526,1.00832,0,0
----Generation 337--------
30,16,1.00683,1.0058,0,0
12,23,1.003,1.00856,0,0
48,8,1.00108,1.00082,0,0
38,7,1.00196,1.0005,0,0
35,41,1.00353,1.00152,0,0
----Generation 338--------
1,36,1.00444,1.009,45,25
19,36,1.00159,1.00882,30,26
13,3,1.00541,1.00658,20,1
5,50,1.00433,1.00411,20,19
6,19,1.00317,1.00708,5,23
----Generation 339--------
5,40,1.00317,1.00411,55,9
13,3,1.00097,1.00708,40,32
6,50,1.00317,1.00598,40,3
6,39,1.00317,1.00658,35,7
5,24,1.00433,1.00708,30,5
----Generation 340--------
6,39,1.00433,1.00266,0,0
6,14,1.00317,1.00598,0,0
32,50,1.00317,1.00598,0,0
2,24,1.00433,1.00708,0,0
24,50,1.00433,1.00598,0,0
----Generation 341--------
31,2,1.00796,1.00136,40,7
37,19,1.00293,1.00414,0,0
23,27,1.00486,1.00928,0,0
38,12,1.00553,1.00404,0,0
20,26,1.00455,1.00673,0,0
----Generation 342--------
18,45,1.00513,1.00097,0,0
3,26,1.00779,1.0059,0,0
10,37,1.00906,1.00586,0,0
2,41,1.00327,1.00297,0,0
9,36,1.00116,1.00316,0,0
----Generation 343--------
11,1,1.00285,1.00712,80,11
16,7,1.00226,1.00975,35,7
25,30,1.00092,1.0093,25,3
18,45,1.00513,1.00097,20,28
12,6,1.00179,1.00875,15,6
----Generation 344--------
12,30,1.00225,1.00875,110,23
12,30,1.00097,1.0093,105,49
12,16,1.00092,1.00875,80,4
12,46,1.00179,1.00875,65,26
12,46,1.00179,1.00875,65,26
----Generation 345--------
12,30,1.00225,1.00875,75,16
12,16,1.00112,1.00875,70,7
12,19,1.00179,1.00875,50,6
12,22,1.00179,1.00875,45,11
12,16,1.00092,1.00231,40,9
----Generation 346--------
12,45,1.00179,1.00875,25,17
12,46,1.00179,1.00231,20,16
12,47,1.00179,1.00875,20,15
35,22,1.00179,1.00875,0,0
43,19,1.00179,1.00875,0,0
----Generation 347--------
12,17,1.00179,1.00875,0,0
12,47,1.00215,1.00875,0,0
12,47,1.00179,1.00867,0,0
12,24,1.00179,1.00875,0,0
12,47,1.00098,1.00875,0,0
----Generation 348--------
8,35,1.00443,1.00433,40,14
12,17,1.00179,1.00875,0,0
37,35,1.00134,1.00735,0,0
16,46,1.0042,1.00915,0,0
28,27,1.00277,1.00559,0,0
----Generation 349--------
17,46,1.00151,1.00876,0,0
10,43,1.00681,1.00381,0,0
2,8,1.00962,1.00488,0,0
9,10,1.00659,1.00101,0,0
8,44,1.00753,1.00274,0,0
----Generation 350--------
29,33,1.00489,1.00046,40,10
47,19,1.00309,1.00903,20,1
49,35,1.00245,1.00652,0,0
18,48,1.00215,1.00475,0,0
12,30,1.00798,1.00528,0,0
----Generation 351--------
25,11,1.00827,1.00541,0,0
26,22,1.00306,1.00796,0,0
7,20,1.00165,1.00112,0,0
25,4,1.00912,1.00831,0,0
30,12,1.00819,1.00854,0,0
----Generation 352--------
41,29,1.00231,1.00642,0,0
9,31,1.00843,1.00543,0,0
21,18,1.00729,1.00266,0,0
24,38,1.0084,1.00018,0,0
12,15,1.00753,1.00326,0,0
----Generation 353--------
26,1,1.00153,1.00249,220,47
38,30,1.0006,1.00903,25,3
29,36,1.00172,1.00017,20,42
24,20,1.00143,1.00025,20,27
45,42,1.00667,1.00526,0,0
----Generation 354--------
29,20,1.00143,1.00618,0,0
24,36,1.00172,1.0012,0,2
29,20,1.00143,1.00992,0,0
29,36,1.00172,1.00563,0,0
29,20,1.00172,1.00175,0,0
----Generation 355--------
16,1,1.00793,1.00492,340,37
24,5,1.00158,1.0065,230,54
28,13,1.00474,1.00619,205,40
29,6,1.00333,1.00843,205,40
29,20,1.00143,1.00618,195,43
----Generation 356--------
29,6,1.00448,1.00619,0,0
29,20,1.0088,1.00618,0,0
28,13,1.00333,1.00831,0,0
29,35,1.00333,1.00843,0,0
29,3,1.00333,1.00843,0,0
----Generation 357--------
18,24,1.00482,1.009,0,0
48,8,1.00534,1.0056,0,0
38,46,1.00564,1.00605,0,0
33,7,1.00198,1.00102,0,0
26,12,1.0054,1.00466,0,0
----Generation 358--------
18,26,1.00057,1.00006,0,0
45,29,1.00908,1.00396,0,0
27,19,1.00117,1.00616,0,0
34,38,1.0069,1.00614,0,0
23,38,1.00767,1.00415,0,0
----Generation 359--------
21,30,1.00575,1.00952,0,0
13,47,1.00426,1.00858,0,0
1,42,1.00014,1.00217,0,0
22,39,1.00592,1.00434,0,0
17,43,1.00569,1.00212,0,0
----Generation 360--------
4,32,1.00875,1.00311,0,0
36,13,1.00704,1.00459,0,0
12,29,1.00377,1.00705,0,0
1,6,1.00793,1.00136,0,0
32,24,1.00941,1.00638,0,0
----Generation 361--------
4,32,1.00875,1.00311,60,3
30,50,1.00042,1.00091,55,27
24,36,1.00065,1.00082,20,13
2,45,1.00825,1.00381,20,2
21,35,1.00717,1.00261,0,0
----Generation 362--------
2,36,1.00785,1.00381,0,0
9,36,1.00065,1.00082,0,0
30,36,1.00065,1.00381,0,0
36,45,1.00825,1.00381,0,0
2,9,1.00825,1.00381,0,0
----Generation 363--------
3,1,1.00678,1.00044,1020,127
48,12,1.00622,1.00195,80,18
8,31,1.00441,1.00942,45,4
5,13,1.00336,1.00335,35,7
20,38,1.00148,1.00715,15,13
----Generation 364--------
8,13,1.00441,1.00099,0,0
20,31,1.00747,1.00942,0,0
20,13,1.00336,1.00518,0,0
8,13,1.00441,1.00942,0,0
8,35,1.00441,1.00942,0,0
----Generation 365--------
24,21,1.00697,1.00236,0,0
37,43,1.00989,1.00393,0,0
18,8,1.00711,1.00081,0,0
45,23,1.00926,1.00166,0,0
30,9,1.00647,1.00412,0,0
----Generation 366--------
27,35,1.00629,1.00251,0,0
6,45,1.00771,1.00833,0,0
47,12,1.00244,1.00345,0,0
2,50,1.00234,1.00137,0,0
23,14,1.00512,1.00863,0,0
----Generation 367--------
16,1,1.0012,1.00408,195,50
24,39,1.00034,1.00086,90,46
44,43,1.00015,1.00393,20,1
47,37,1.00148,1.00361,20,1
7,41,1.00184,1.00229,20,23
----Generation 368--------
16,1,1.0012,1.00408,70,21
47,9,1.00148,1.00393,30,5
18,37,1.00148,1.00393,20,2
47,41,1.00704,1.00361,0,0
47,37,1.00085,1.00361,0,0
----Generation 369--------
18,37,1.00148,1.00048,0,0
18,37,1.00148,1.00802,0,0
18,37,1.00555,1.00393,0,0
18,37,1.00592,1.00393,0,0
18,27,1.00148,1.00393,0,0
----Generation 370--------
17,7,1.00207,1.00675,55,15
42,37,1.00073,1.00407,10,4
47,34,1.00967,1.00963,0,0
16,8,1.00306,1.00326,0,0
29,47,1.0071,1.00944,0,0
----Generation 371--------
19,22,1.0018,1.00743,0,0
33,43,1.00797,1.00269,0,0
6,25,1.00649,1.00878,0,0
22,24,1.0001,1.00651,0,0
43,26,1.00655,1.00648,0,0
----Generation 372--------
7,45,1.00401,1.00505,165,26
26,1,1.00181,1.00588,115,74
9,30,1.00358,1.0049,80,4
12,44,1.00304,1.00888,75,30
43,49,1.00012,1.00827,35,119
----Generation 373--------
43,13,1.00304,1.00827,0,0
28,44,1.00304,1.00827,0,0
43,18,1.00012,1.00827,0,0
12,44,1.00304,1.0043,0,0
46,49,1.00012,1.00888,0,0
----Generation 374--------
44,32,1.00689,1.00678,0,0
30,8,1.00463,1.00228,0,0
15,10,1.00736,1.0056,0,0
49,46,1.00983,1.0095,0,0
14,16,1.00609,1.00387,0,0
----Generation 375--------
3,21,1.00415,1.00898,200,30
17,43,1.0051,1.00759,70,16
35,30,1.00068,1.00786,15,20
16,15,1.00024,1.00789,15,13
21,37,1.00355,1.00403,5,21
----Generation 376--------
16,15,1.00024,1.00017,10,7
24,37,1.00355,1.00786,0,0
14,37,1.00355,1.00403,0,0
21,37,1.00368,1.00403,0,0
21,37,1.00345,1.00786,0,0
----Generation 377--------
4,1,1.00279,1.0076,20,1
5,27,1.0036,1.00583,0,0
39,39,1.00321,1.00902,0,0
33,47,1.00228,1.00542,0,0
2,13,1.00407,1.00682,0,0
----Generation 378--------
10,4,1.00696,1.00012,0,0
33,32,1.00776,1.00832,0,0
32,41,1.00944,1.00203,0,0
30,19,1.00153,1.00524,0,0
19,3,1.00635,1.00194,0,0
----Generation 379--------
3,18,1.00233,1.00581,5,9
30,49,1.00369,1.00721,0,0
7,21,1.00356,1.00707,0,0
39,40,1.0027,1.00043,0,0
22,45,1.00361,1.00259,0,0
----Generation 380--------
37,5,1.00864,1.00273,100,25
38,21,1.00285,1.00971,30,12
32,8,1.00484,1.00425,20,10
40,13,1.00488,1.00453,5,9
3,45,1.00615,1.00287,5,40
----Generation 381--------
13,8,1.00484,1.00287,0,0
3,45,1.00421,1.00287,0,0
3,13,1.00615,1.0056,0,0
37,8,1.00484,1.00425,0,0
3,45,1.00175,1.00287,0,0
----Generation 382--------
39,24,1.00106,1.00573,0,0
4,47,1.00858,1.0075,0,0
13,13,1.00995,1.00923,0,0
34,25,1.00477,1.00591,0,0
18,28,1.00409,1.00689,0,0
----Generation 383--------
9,19,1.00339,1.00329,0,0
40,1,1.00705,1.0021,0,0
7,33,1.00514,1.00953,0,0
50,20,1.00329,1.00972,0,0
48,40,1.00233,1.00281,0,0
----Generation 384--------
11,1,1.00185,1.0043,65,5
25,4,1.00146,1.00344,35,7
8,31,1.00336,1.00251,0,0
6,10,1.00476,1.00239,0,0
7,42,1.00982,1.00453,0,0
----Generation 385--------
11,1,1.00185,1.0043,160,8
34,10,1.00126,1.00554,25,10
47,14,1.00926,1.00207,20,1
32,17,1.00088,1.00266,5,9
25,32,1.00456,1.00842,0,0
----Generation 386--------
11,1,1.00185,1.0043,165,17
4,17,1.00926,1.00207,60,9
10,17,1.00088,1.00207,20,2
32,2,1.00926,1.00266,20,1
45,14,1.00926,1.00207,20,1
----Generation 387--------
45,14,1.00905,1.00207,0,0
7,2,1.00926,1.00207,0,0
45,2,1.00926,1.00514,0,0
48,17,1.00926,1.00266,0,0
45,14,1.00429,1.00207,0,0
----Generation 388--------
6,24,1.00318,1.00546,25,5
45,14,1.00905,1.00207,20,3
34,10,1.00462,1.00176,20,7
15,16,1.00372,1.00487,0,0
46,32,1.00265,1.00259,0,0
----Generation 389--------
34,10,1.00462,1.00944,0,0
18,10,1.00462,1.00176,0,0
34,10,1.00339,1.00176,0,0
34,10,1.00521,1.00176,0,0
34,4,1.00462,1.00176,0,0
----Generation 390--------
48,36,1.00046,1.00598,0,0
43,25,1.00467,1.00626,0,0
39,49,1.00411,1.00168,0,0
6,12,1.00356,1.00799,0,0
23,47,1.00689,1.00821,0,0
----Generation 391--------
10,49,1.00418,1.00209,0,0
23,24,1.00828,1.00834,0,0
28,18,1.00876,1.00931,0,0
24,33,1.00496,1.00048,0,0
27,31,1.00292,1.00739,0,0
----Generation 392--------
36,5,1.00229,1.00185,120,11
43,4,1.0081,1.00161,40,15
3,15,1.0032,1.00489,25,3
3,12,1.00427,1.0071,20,1
7,36,1.00186,1.00581,5,2
----Generation 393--------
3,12,1.00427,1.00529,0,0
3,12,1.0002,1.0071,0,0
3,36,1.00577,1.00581,0,0
18,12,1.00427,1.00581,0,0
3,36,1.0032,1.00001,0,0
----Generation 394--------
17,34,1.00646,1.00312,80,8
15,41,1.00465,1.0023,60,11
11,42,1.0098,1.00287,60,7
19,21,1.00253,1.00349,0,0
33,13,1.0066,1.00954,0,0
----Generation 395--------
11,42,1.00447,1.00287,0,0
11,32,1.0098,1.00287,0,0
11,42,1.0022,1.00287,0,0
11,42,1.0098,1.00834,0,0
11,42,1.0098,1.00344,0,0
----Generation 396--------
12,9,1.00249,1.00119,0,0
30,5,1.00975,1.00158,0,0
49,47,1.00137,1.00582,0,0
25,44,1.00039,1.00836,0,0
5,48,1.00404,1.00758,0,0
----Generation 397--------
26,29,1.00836,1.00799,0,0
7,49,1.00997,1.00174,0,0
41,36,1.00128,1.00915,0,0
30,15,1.00816,1.00672,0,0
18,3,1.00357,1.004,0,0
----Generation 398--------
39,22,1.00115,1.00433,0,0
38,11,1.00655,1.00784,0,0
9,48,1.00121,1.00493,0,0
9,28,1.00363,1.00057,0,0
35,34,1.00781,1.00388,0,0
----Generation 399--------
18,1,1.00444,1.0089,60,3
9,32,1.00607,1.00241,40,12
49,32,1.00924,1.00548,0,0
24,27,1.00597,1.00244,0,0
35,35,1.00267,1.00612,0,0
----Generation 400--------
18,1,1.00444,1.0089,105,14
22,9,1.00408,1.00449,25,3
13,9,1.00214,1.00712,20,1
32,26,1.00844,1.00755,0,0
46,48,1.00852,1.00574,0,0
----Generation 401--------
13,29,1.00214,1.00712,0,0
50,9,1.00214,1.00712,0,0
13,9,1.0022,1.00712,0,0
30,9,1.00214,1.00712,0,0
13,9,1.00955,1.00712,0,0
----Generation 402--------
11,2,1.00557,1.00128,60,26
47,24,1.00723,1.00102,20,3
35,25,1.00163,1.00129,15,6
32,50,1.00936,1.00179,0,1
6,9,1.00574,1.00805,0,0
----Generation 403--------
35,25,1.00163,1.00013,0,0
11,25,1.00163,1.00129,0,0
35,25,1.00133,1.00129,0,0
35,25,1.00163,1.00994,0,0
35,25,1.00163,1.00375,0,0
----Generation 404--------
36,2,1.0076,1.0094,45,4
50,31,1.00825,1.00064,40,49
13,1,1.00461,1.0072,40,2
23,2,1.00314,1.0067,20,22
28,2,1.00519,1.00053,20,113
----Generation 405--------
27,2,1.00314,1.0067,0,0
28,18,1.00314,1.0067,0,0
49,2,1.00519,1.00053,0,0
7,1,1.00314,1.0067,0,0
13,2,1.00519,1.0097,0,0
----Generation 406--------
34,2,1.00376,1.00252,0,0
27,16,1.00198,1.00626,0,0
50,19,1.0095,1.00822,0,0
50,8,1.00972,1.00459,0,0
5,2,1.0098799999999999,1.00528,0,0
----Generation 407--------
39,30,1.00598,1.00908,0,0
28,28,1.00109,1.00361,0,0
10,6,1.00398,1.009,0,0
11,29,1.00398,1.00137,0,0
34,47,1.0032,1.0015,0,0
----Generation 408--------
2,5,1.00343,1.00097,0,0
6,7,1.00757,1.00098,0,0
8,10,1.00569,1.0042,0,0
13,4,1.00477,1.00832,0,0
26,7,1.00892,1.00747,0,0
----Generation 409--------
36,38,1.00198,1.0008,0,0
22,19,1.00482,1.00077,0,0
17,35,1.00246,1.00652,0,0
17,14,1.00738,1.00874,0,0
32,44,1.00465,1.00581,0,0
----Generation 410--------
17,33,1.00486,1.00207,0,0
9,18,1.0016,1.00887,0,0
8,42,1.00419,1.00077,0,0
1,32,1.00197,1.00498,0,0
27,38,1.00027,1.00095,0,0
----Generation 411--------
17,33,1.00486,1.00207,100,10
19,27,1.0011,1.00341,20,1
26,6,1.00462,1.00853,5,2
25,19,1.00422,1.00641,0,0
5,35,1.00469,1.00688,0,0
----Generation 412--------
22,6,1.00462,1.00853,0,0
26,6,1.00739,1.00853,0,0
26,6,1.00462,1.00729,0,0
26,6,1.00462,1.00765,0,0
26,6,1.00462,1.00516,0,0
----Generation 413--------
19,47,1.00431,1.00197,20,19
14,27,1.00513,1.00916,0,0
25,21,1.00672,1.00857,0,0
28,24,1.00283,1.0034,0,0
46,46,1.0057,1.00208,0,0
----Generation 414--------
12,19,1.00286,1.00816,0,0
47,8,1.00957,1.00413,0,0
39,5,1.00155,1.00902,0,0
27,19,1.00049,1.00924,0,0
32,37,1.0092,1.00553,0,0
----Generation 415--------
13,2,1.00458,1.00189,60,15
30,50,1.00144,1.00308,5,2
38,4,1.00771,1.00754,0,0
41,29,1.00829,1.00712,0,0
38,9,1.00831,1.00797,0,0
----Generation 416--------
30,41,1.00174,1.00383,5,2
24,40,1.00407,1.0054400000000001,0,0
46,18,1.00992,1.00726,0,0
28,3,1.00344,1.00971,0,0
35,31,1.00283,1.00956,0,0
----Generation 417--------
15,26,1.00998,1.00885,0,0
4,13,1.00407,1.00388,0,0
35,10,1.00984,1.00511,0,0
49,9,1.00923,1.00204,0,0
15,49,1.00228,1.00036,0,0
----Generation 418--------
22,8,1.00361,1.00765,265,43
38,32,1.00077,1.0098799999999999,170,47
50,26,1.00019,1.00553,155,53
28,23,1.00206,1.00816,150,25
28,5,1.00905,1.00742,140,30
----Generation 419--------
28,5,1.00905,1.00417,0,0
50,26,1.00298,1.00742,0,0
50,5,1.00905,1.0064,0,0
28,40,1.00905,1.00742,0,0
23,5,1.00019,1.00742,0,0
----Generation 420--------
21,15,1.00892,1.00545,0,0
19,40,1.00314,1.00263,0,0
10,5,1.00468,1.00741,0,0
42,22,1.00224,1.00573,0,0
19,39,1.0042,1.00202,0,0
----Generation 421--------
21,10,1.00352,1.00161,40,2
2,18,1.00249,1.00674,20,1
46,27,1.00873,1.00471,0,0
2,27,1.0046,1.0052,0,0
33,19,1.00584,1.00281,0,0
----Generation 422--------
5,21,1.00939,1.0014,100,15
25,4,1.00673,1.0015,80,20
24,1,1.00939,1.00311,40,6
4,31,1.00473,1.00219,20,7
2,18,1.00249,1.00674,10,11
----Generation 423--------
24,1,1.00473,1.00636,0,0
24,4,1.00939,1.00219,0,0
2,31,1.00583,1.00219,0,0
29,1,1.00939,1.00311,0,0
2,27,1.00939,1.00311,0,0
----Generation 424--------
16,20,1.00958,1.00872,0,0
26,49,1.00907,1.00902,0,0
50,5,1.00525,1.00811,0,0
4,25,1.0083,1.0065,0,0
38,11,1.00523,1.00478,0,0
----Generation 425--------
50,50,1.00252,1.00394,0,0
3,20,1.0044,1.00783,0,0
30,13,1.00465,1.0094,0,0
9,41,1.00245,1.00347,0,0
20,15,1.00699,1.00668,0,0
----Generation 426--------
15,43,1.00626,1.00368,60,3
6,24,1.00408,1.0079,25,3
44,1,1.00551,1.00633,20,1
32,36,1.00358,1.00528,0,0
50,6,1.00567,1.00694,0,0
----Generation 427--------
44,1,1.00551,1.00031,120,77
44,1,1.00318,1.00633,85,20
44,1,1.00412,1.00633,30,5
44,1,1.00258,1.00633,25,38
44,1,1.00425,1.00633,25,3
----Generation 428--------
46,1,1.00412,1.00633,60,3
44,1,1.00425,1.00188,40,2
44,1,1.00405,1.00633,40,2
44,1,1.00318,1.00633,35,7
44,1,1.00346,1.00633,30,5
----Generation 429--------
44,1,1.0087,1.00633,0,0
44,1,1.00371,1.00633,0,0
44,1,1.00318,1.00713,0,0
44,34,1.00318,1.00633,0,0
44,1,1.00252,1.00633,0,0
----Generation 430--------
17,5,1.00765,1.00104,60,11
18,30,1.00333,1.00066,40,5
33,14,1.00583,1.00068,20,13
33,17,1.00622,1.00189,20,1
46,34,1.00465,1.00142,0,0
----Generation 431--------
33,14,1.00622,1.00507,0,0
33,23,1.00583,1.00068,0,0
33,17,1.00622,1.00611,0,0
33,17,1.00622,1.00844,0,0
33,14,1.00583,1.00178,0,0
----Generation 432--------
48,29,1.00646,1.00835,0,0
13,7,1.00518,1.00677,0,0
50,11,1.00651,1.00092,0,0
40,49,1.00643,1.00279,0,0
30,9,1.00083,1.00979,0,0
----Generation 433--------
5,46,1.00907,1.00847,0,0
41,33,1.00149,1.00462,0,0
36,1,1.00154,1.00058,0,0
25,30,1.00044,1.00394,0,0
6,12,1.00226,1.00727,0,0
----Generation 434--------
7,2,1.00212,1.00014,0,0
16,8,1.00698,1.00933,0,0
23,11,1.00323,1.00111,0,0
13,44,1.00296,1.00172,0,0
24,16,1.00111,1.00219,0,0
----Generation 435--------
7,2,1.00212,1.00014,80,84
22,40,1.00086,1.00388,20,1
20,26,1.00151,1.00648,5,2
20,30,1.00296,1.00131,0,0
3,11,1.00639,1.00949,0,0
----Generation 436--------
20,26,1.00141,1.00648,0,0
20,40,1.00151,1.00648,0,0
20,17,1.00151,1.00648,0,0
20,26,1.00151,1.00151,0,0
46,26,1.00151,1.00648,0,0
----Generation 437--------
36,32,1.00813,1.00311,0,0
28,36,1.008,1.00723,0,0
39,30,1.0067,1.00579,0,0
14,47,1.0019,1.00902,0,0
45,46,1.00137,1.00802,0,0
----Generation 438--------
3,42,1.00803,1.00397,20,3
13,46,1.00675,1.00872,0,0
34,11,1.00741,1.00322,0,0
39,7,1.00863,1.00505,0,0
22,50,1.00651,1.00452,0,0
----Generation 439--------
15,40,1.00597,1.00854,0,0
11,26,1.00436,1.00966,0,0
35,44,1.00457,1.00464,0,0
40,37,1.00745,1.00892,0,0
41,39,1.0075,1.00484,0,0
----Generation 440--------
49,43,1.00456,1.00858,0,0
43,40,1.00819,1.00856,0,0
14,49,1.00458,1.00197,0,0
46,14,1.00977,1.00244,0,0
45,6,1.0025,1.00843,0,0
----Generation 441--------
29,18,1.00703,1.00241,0,0
41,15,1.00054,1.00793,0,0
3,5,1.00188,1.0029,0,0
43,26,1.00739,1.00585,0,0
13,32,1.00316,1.0058,0,0
----Generation 442--------
5,17,1.00473,1.00629,0,0
5,34,1.00841,1.0059,0,0
29,28,1.00463,1.00975,0,0
39,47,1.00775,1.00421,0,0
20,8,1.00097,1.00749,0,0
----Generation 443--------
46,43,1.00027,1.00099,0,0
11,15,1.00978,1.00187,0,0
32,36,1.00856,1.00174,0,0
2,47,1.00943,1.00037,0,0
3,35,1.00527,1.00791,0,0
----Generation 444--------
23,22,1.00511,1.00781,0,0
23,46,1.00539,1.00287,0,0
40,8,1.0073,1.00594,0,0
3,40,1.00845,1.00362,0,0
18,44,1.00409,1.00622,0,0
----Generation 445--------
41,35,1.00812,1.00335,0,0
19,50,1.00953,1.00713,0,0
30,17,1.00635,1.00179,0,0
34,26,1.00527,1.00947,0,0
46,14,1.0079,1.0052,0,0
----Generation 446--------
10,16,1.0055,1.00829,0,0
49,1,1.00908,1.00518,0,0
41,47,1.00139,1.00058,0,0
14,37,1.00761,1.00282,0,0
7,32,1.00979,1.00089,0,0
----Generation 447--------
50,3,1.00532,1.00826,0,0
12,24,1.00485,1.00654,0,0
11,36,1.00438,1.00985,0,0
8,32,1.00709,1.00597,0,0
15,25,1.00802,1.00049,0,0
----Generation 448--------
13,19,1.00967,1.00107,0,0
2,10,1.00557,1.00995,0,0
28,16,1.00488,1.00119,0,0
6,19,1.00337,1.00563,0,0
15,17,1.00751,1.00437,0,0
----Generation 449--------
8,47,1.00525,1.00813,0,0
29,5,1.00939,1.00533,0,0
35,29,1.00194,1.00673,0,0
13,7,1.0074,1.00929,0,0
19,47,1.00564,1.00132,0,0
----Generation 450--------
40,31,1.00249,1.0008,0,0
35,31,1.00853,1.00473,0,0
48,14,1.00896,1.00015,0,0
28,34,1.00827,1.00482,0,0
38,24,1.00891,1.00131,0,0
----Generation 451--------
13,44,1.00624,1.00298,0,0
7,27,1.00968,1.00839,0,0
50,9,1.00011,1.00005,0,0
39,22,1.00772,1.00031,0,0
5,8,1.00608,1.00674,0,0
----Generation 452--------
18,1,1.00072,1.00683,155,33
36,1,1.00073,1.00169,55,24
34,11,1.00151,1.0045,40,2
48,33,1.00675,1.00975,0,0
24,3,1.00622,1.00899,0,0
----Generation 453--------
34,11,1.00663,1.0045,0,0
37,11,1.00151,1.0045,0,0
1,11,1.00151,1.0045,0,0
6,11,1.00151,1.0045,0,0
34,11,1.00832,1.0045,0,0
----Generation 454--------
13,39,1.00759,1.0025,0,0
49,48,1.0073,1.00574,0,0
49,30,1.0072,1.00022,0,0
7,48,1.00006,1.00393,0,0
7,49,1.00199,1.00006,0,0
----Generation 455--------
45,19,1.00074,1.00353,50,23
45,10,1.0031,1.00077,40,36
16,49,1.00725,1.00913,0,0
16,23,1.00439,1.00184,0,0
30,42,1.00596,1.00574,0,0
----Generation 456--------
28,50,1.0054,1.00454,0,0
21,15,1.00714,1.0064,0,0
48,13,1.0007,1.00123,0,0
50,42,1.00274,1.00752,0,0
18,22,1.00388,1.0087,0,0
----Generation 457--------
36,29,1.00455,1.00996,0,0
42,16,1.00196,1.0038,0,0
42,36,1.00193,1.00438,0,0
6,48,1.00915,1.00301,0,0
37,26,1.0096,1.00297,0,0
----Generation 458--------
22,33,1.00965,1.0056,0,0
27,48,1.00093,1.00208,0,0
13,16,1.00718,1.00158,0,0
16,19,1.00185,1.00687,0,0
6,9,1.00143,1.00122,0,0
----Generation 459--------
49,35,1.0025,1.00381,0,0
39,47,1.00242,1.0088,0,0
24,8,1.00976,1.00787,0,0
47,35,1.00681,1.0084,0,0
49,3,1.00658,1.0063,0,0
----Generation 460--------
18,3,1.00242,1.00437,100,33
36,6,1.00881,1.00847,85,6
41,1,1.0088,1.00505,75,9
36,2,1.00407,1.0027,70,32
10,7,1.00114,1.003,55,22
----Generation 461--------
36,1,1.0088,1.00676,0,0
41,7,1.00114,1.00761,0,0
36,7,1.00407,1.00006,0,0
41,2,1.00905,1.00505,0,0
41,2,1.00527,1.00505,0,0
----Generation 462--------
23,21,1.00144,1.00927,0,0
13,17,1.00885,1.00292,0,0
4,43,1.00876,1.00182,0,0
36,9,1.00797,1.00571,0,0
6,49,1.00127,1.00131,0,0
