----Generation 0--------
29,7,1.006496095887467,1.0019452564023277,20,1
3,10,1.006491966218352,1.0057188284746594,0,0
11,21,1.00390859846343,1.003826239501456,0,0
29,21,1.0043845708368446,1.0083485414574056,0,0
40,50,1.0039533164095202,1.0019654824570008,0,0
----Generation 1--------
11,50,1.00817,1.003826239501456,130,16
23,50,1.006496095887467,1.0019654824570008,120,18
11,50,1.00667,1.003826239501456,45,24
6,21,1.0043845708368446,1.0083485414574056,35,7
23,50,1.0043845708368446,1.0083485414574056,10,18
----Generation 2--------
27,21,1.0043845708368446,1.0083485414574056,0,0
6,50,1.0043845708368446,1.00351,0,0
8,50,1.0043845708368446,1.0083485414574056,0,0
6,49,1.0043845708368446,1.003826239501456,0,0
11,50,1.006496095887467,1.00502,0,0
----Generation 3--------
6,49,1.00635,1.0083485414574056,0,0
6,50,1.00871,1.00351,0,0
11,50,1.00223,1.00502,0,0
6,50,1.0043845708368446,1.00754,0,0
21,50,1.0043845708368446,1.0083485414574056,0,0
----Generation 4--------
6,50,1.00489,1.00754,0,0
6,50,1.00217,1.00351,0,0
21,50,1.0043845708368446,1.00101,0,0
6,50,1.00707,1.00351,0,0
11,50,1.00223,1.00722,0,0
----Generation 5--------
21,50,1.00823,1.00722,0,0
11,50,1.00489,1.00464,0,0
6,50,1.00881,1.00351,0,0
44,50,1.00707,1.00101,0,0
11,21,1.00223,1.00351,0,0
----Generation 6--------
44,7,1.00223,1.00351,35,8
44,15,1.00707,1.00101,20,1
44,20,1.00823,1.00101,20,1
21,21,1.00823,1.0046,0,0
21,24,1.00823,1.00101,0,0
----Generation 7--------
15,7,1.00223,1.00351,80,11
21,7,1.00281,1.00351,55,22
44,24,1.00823,1.00175,20,3
44,7,1.00707,1.00847,15,6
37,7,1.00223,1.00351,10,34
----Generation 8--------
42,7,1.00223,1.00351,85,26
15,7,1.00223,1.00578,80,11
44,7,1.00223,1.00351,55,24
43,7,1.00223,1.00351,50,24
44,7,1.00281,1.00597,40,18
----Generation 9--------
42,1,1.00223,1.00351,185,43
44,7,1.00281,1.00182,130,29
42,2,1.00223,1.00578,125,31
48,7,1.00281,1.00351,95,26
42,7,1.00116,1.00351,80,46
----Generation 10--------
25,2,1.00116,1.00351,130,19
41,1,1.00281,1.00182,70,11
42,7,1.00223,1.00124,70,13
42,7,1.00223,1.00171,50,8
42,1,1.00223,1.00351,45,5
----Generation 11--------
42,16,1.00223,1.00351,0,0
42,7,1.00691,1.00171,0,0
42,1,1.00223,1.00386,0,0
42,7,1.00593,1.00171,0,0
36,2,1.00116,1.00351,0,0
----Generation 12--------
11,1,1.00223,1.00171,40,16
42,48,1.00691,1.00171,0,0
2,2,1.00223,1.00351,0,0
42,7,1.00223,1.00869,0,0
16,16,1.00223,1.00351,0,0
----Generation 13--------
16,2,1.00087,1.00351,0,0
11,2,1.00223,1.00774,0,0
16,16,1.00223,1.00425,0,0
16,16,1.00894,1.00171,0,0
42,2,1.00675,1.00351,0,0
----Generation 14--------
16,16,1.00894,1.0078,0,0
16,16,1.00411,1.00171,0,0
27,2,1.00087,1.00351,0,0
13,16,1.00223,1.00425,0,0
16,16,1.00223,1.00345,0,0
----Generation 15--------
31,2,1.00411,1.00171,20,2
13,16,1.00223,1.00718,0,0
16,16,1.00411,1.00202,0,0
16,16,1.00223,1.00506,0,0
13,18,1.00223,1.00351,0,0
----Generation 16--------
25,16,1.00411,1.00202,0,0
13,18,1.00223,1.00269,0,0
34,16,1.00411,1.00171,0,0
16,16,1.00223,1.00253,0,0
13,34,1.00223,1.00171,0,0
----Generation 17--------
13,16,1.00697,1.00202,0,0
34,16,1.00411,1.00534,0,0
13,8,1.00223,1.00171,0,0
14,18,1.00223,1.00269,0,0
13,34,1.00369,1.00171,0,0
----Generation 18--------
13,34,1.00053,1.00171,0,0
13,34,1.00697,1.00873,0,0
13,34,1.00301,1.00171,0,0
13,1,1.00223,1.00171,0,0
13,47,1.00223,1.00171,0,0
----Generation 19--------
13,1,1.00223,1.00111,655,134
10,1,1.00223,1.00171,550,97
13,1,1.00053,1.00518,495,106
13,1,1.00301,1.00171,430,97
13,1,1.00619,1.00171,395,83
----Generation 20--------
13,1,1.00223,1.00111,775,85
13,1,1.00223,1.00111,775,85
13,1,1.00158,1.00111,740,106
13,1,1.00223,1.00177,655,50
10,1,1.00223,1.00171,625,43
----Generation 21--------
13,1,1.0002,1.00177,0,0
13,1,1.00117,1.00111,0,0
13,21,1.00223,1.00111,0,0
26,1,1.00223,1.00177,0,0
13,7,1.00223,1.00177,0,0
----Generation 22--------
11,1,1.00223,1.00177,0,0
35,1,1.00223,1.00177,0,0
26,1,1.00398,1.00111,0,0
13,1,1.00117,1.00883,0,0
13,41,1.00117,1.00111,0,0
----Generation 23--------
5,41,1.00117,1.00883,0,0
11,1,1.00117,1.00579,0,0
13,41,1.00117,1.00862,0,0
11,1,1.00223,1.00284,0,0
26,1,1.00111,1.00883,0,0
----Generation 24--------
13,50,1.00117,1.00862,0,0
13,41,1.00574,1.00862,0,0
13,1,1.00376,1.00862,0,0
5,41,1.0001,1.00883,0,0
3,41,1.00117,1.00883,0,0
----Generation 25--------
13,1,1.0014,1.00862,130,10
13,23,1.00117,1.00862,35,7
13,41,1.00279,1.00862,20,2
5,1,1.00376,1.00257,20,1
13,41,1.00213,1.00862,5,10
----Generation 26--------
5,1,1.0014,1.00862,220,18
13,1,1.0014,1.00862,150,46
13,1,1.0014,1.00754,150,46
13,1,1.0014,1.00552,150,46
13,1,1.00117,1.00876,140,63
----Generation 27--------
5,5,1.0014,1.00754,0,0
13,1,1.0003,1.00552,0,0
13,30,1.0014,1.00876,0,0
13,1,1.00415,1.00876,0,0
13,18,1.0014,1.00754,0,0
----Generation 28--------
13,1,1.0014,1.00483,335,43
13,1,1.00132,1.00876,280,42
13,1,1.0014,1.00552,275,40
13,1,1.0014,1.0074,255,39
13,1,1.0014,1.00636,255,39
----Generation 29--------
13,1,1.00199,1.00876,0,0
13,1,1.0014,1.0026,0,0
13,34,1.0014,1.00876,0,0
13,1,1.00321,1.0074,0,0
13,12,1.00132,1.00876,0,0
----Generation 30--------
13,1,1.00142,1.00876,0,0
13,37,1.00132,1.00876,0,0
13,12,1.00199,1.00707,0,0
13,1,1.00199,1.0056,0,0
34,1,1.0014,1.00876,0,0
----Generation 31--------
13,20,1.00199,1.00876,0,0
13,1,1.0014,1.00108,0,0
13,12,1.00109,1.00876,0,0
34,1,1.00199,1.00746,0,0
13,12,1.00788,1.00707,0,0
----Generation 32--------
25,12,1.00788,1.00746,0,0
13,12,1.00788,1.00666,0,0
34,27,1.00199,1.00707,0,0
13,1,1.0017,1.00876,0,0
13,1,1.00199,1.00775,0,0
----Generation 33--------
39,1,1.00199,1.00876,0,0
41,12,1.00788,1.00666,0,0
13,41,1.00199,1.00876,0,0
34,27,1.00199,1.00023,0,0
13,27,1.00893,1.00666,0,0
----Generation 34--------
13,27,1.00426,1.00666,0,0
13,21,1.00893,1.00876,0,0
29,12,1.00199,1.00876,0,0
41,27,1.00789,1.00666,0,0
34,5,1.00199,1.00876,0,0
----Generation 35--------
29,12,1.00199,1.00084,40,8
29,12,1.00199,1.00104,40,2
34,1,1.00199,1.00666,25,38
41,5,1.00789,1.00221,20,1
29,16,1.00199,1.00876,0,0
----Generation 36--------
34,31,1.00199,1.00104,0,0
26,12,1.00199,1.00084,0,0
29,12,1.00772,1.00104,0,0
34,15,1.00199,1.00666,0,0
34,1,1.00728,1.00084,0,0
----Generation 37--------
42,15,1.00728,1.00084,0,0
34,1,1.00728,1.00473,0,0
34,9,1.00772,1.00104,0,0
29,12,1.00772,1.00655,0,0
29,12,1.00199,1.00879,0,0
----Generation 38--------
43,12,1.00772,1.00084,0,0
29,12,1.00891,1.00879,0,0
9,1,1.00772,1.00655,0,0
34,1,1.00584,1.00655,0,0
29,12,1.00199,1.00174,0,0
----Generation 39--------
9,1,1.00596,1.00084,240,72
9,1,1.00772,1.00113,200,38
17,1,1.00199,1.00174,150,40
10,1,1.00772,1.00174,60,17
9,1,1.00772,1.0034,60,3
----Generation 40--------
9,1,1.00879,1.00113,220,25
9,1,1.00772,1.00113,220,25
13,1,1.00772,1.00174,160,10
10,1,1.00457,1.00113,160,26
9,1,1.00772,1.00155,140,11
----Generation 41--------
9,1,1.00258,1.00113,500,45
13,1,1.00218,1.00113,485,53
9,1,1.00273,1.00113,480,44
9,1,1.00879,1.00113,420,41
9,1,1.00632,1.00113,420,41
----Generation 42--------
9,1,1.00086,1.00113,640,90
9,1,1.001,1.00113,605,83
9,1,1.00029,1.00113,415,159
9,1,1.00218,1.00113,340,47
9,1,1.00278,1.00113,320,46
----Generation 43--------
8,1,1.00086,1.00113,0,0
9,29,1.00278,1.00113,0,0
9,1,1.00828,1.00113,0,0
21,1,1.001,1.00113,0,0
9,48,1.00029,1.00113,0,0
----Generation 44--------
49,48,1.00029,1.00113,0,0
9,1,1.001,1.00182,0,0
27,1,1.001,1.00113,0,0
21,18,1.001,1.00113,0,0
9,48,1.00828,1.00113,0,0
----Generation 45--------
27,1,1.00448,1.00113,0,0
9,48,1.0076,1.00113,0,0
9,48,1.00828,1.00561,0,0
21,48,1.001,1.00164,0,0
9,50,1.00828,1.00113,0,0
----Generation 46--------
9,48,1.00895,1.00113,0,0
21,48,1.00273,1.00113,0,0
49,48,1.0076,1.00561,0,0
27,1,1.00828,1.00089,0,0
9,39,1.00828,1.00113,0,0
----Generation 47--------
49,29,1.00828,1.00113,0,0
21,39,1.00828,1.0011,0,0
21,48,1.0076,1.00561,0,0
9,39,1.00472,1.00089,0,0
9,48,1.00446,1.00113,0,0
----Generation 48--------
9,44,1.00446,1.00089,40,21
9,14,1.00828,1.00089,20,1
8,48,1.00446,1.00113,20,19
9,39,1.00791,1.0011,20,16
5,39,1.00828,1.0011,20,20
----Generation 49--------
9,39,1.00828,1.00284,0,0
49,14,1.00828,1.00089,0,0
9,39,1.00782,1.00089,0,0
9,48,1.00446,1.00545,0,0
9,14,1.00307,1.00089,0,0
----Generation 50--------
49,2,1.00828,1.00545,60,3
49,2,1.00828,1.00089,20,42
49,1,1.00446,1.00089,15,54
9,48,1.00446,1.00654,0,0
9,14,1.00828,1.00839,0,0
----Generation 51--------
49,2,1.00446,1.00546,0,0
9,14,1.00828,1.00722,0,0
49,2,1.00446,1.00197,0,0
49,14,1.00753,1.00839,0,0
3,2,1.00828,1.00839,0,0
----Generation 52--------
28,2,1.00446,1.00839,0,0
32,2,1.00753,1.00546,0,0
9,14,1.00577,1.00197,0,0
49,2,1.00645,1.00197,0,0
49,2,1.00446,1.00245,0,0
----Generation 53--------
9,2,1.00099,1.00546,200,24
34,2,1.00645,1.00197,100,8
50,2,1.00446,1.00197,100,7
32,2,1.00645,1.00171,100,14
49,2,1.00394,1.00245,95,10
----Generation 54--------
9,16,1.00099,1.00245,170,33
6,2,1.00099,1.00546,40,9
9,2,1.00099,1.00546,5,23
9,2,1.00099,1.00698,5,23
9,2,1.00099,1.00628,5,23
----Generation 55--------
6,2,1.00099,1.00025,160,85
9,2,1.00099,1.00072,140,63
9,21,1.00099,1.00546,80,18
9,20,1.00099,1.00546,60,17
9,2,1.00099,1.00143,40,34
----Generation 56--------
6,2,1.00099,1.00072,690,88
6,2,1.00099,1.00025,590,185
9,2,1.00099,1.00049,555,187
8,2,1.00099,1.00143,550,87
9,2,1.00099,1.00072,475,150
----Generation 57--------
8,44,1.00099,1.00143,0,0
9,42,1.00099,1.00072,0,0
9,24,1.00099,1.00049,0,0
26,2,1.00099,1.00072,0,0
6,2,1.00572,1.00072,0,0
----Generation 58--------
6,2,1.00099,1.00013,260,106
8,2,1.00099,1.00072,170,48
9,2,1.00099,1.00529,165,31
6,2,1.00099,1.00261,140,14
6,2,1.00099,1.00431,140,14
----Generation 59--------
6,2,1.00113,1.00431,0,0
33,2,1.00099,1.00013,0,0
6,41,1.00099,1.00013,0,0
6,25,1.00099,1.00529,0,0
6,2,1.00099,1.00495,0,0
----Generation 60--------
6,26,1.00099,1.00013,0,0
6,2,1.00099,1.00757,0,0
13,2,1.00099,1.00013,0,0
33,12,1.00099,1.00013,0,0
6,8,1.00099,1.00013,0,0
----Generation 61--------
6,1,1.00099,1.00013,480,184
6,2,1.00099,1.00757,145,16
6,2,1.00099,1.0028,145,16
33,2,1.00285,1.00013,115,93
33,2,1.00875,1.00013,100,80
----Generation 62--------
6,1,1.00099,1.00092,705,66
6,1,1.00099,1.00627,365,27
6,1,1.00099,1.00896,365,27
6,1,1.00099,1.00276,365,27
6,2,1.00099,1.00095,220,28
----Generation 63--------
2,1,1.00099,1.00627,0,0
6,48,1.00099,1.00896,0,0
6,17,1.00099,1.00896,0,0
6,29,1.00099,1.00095,0,0
6,2,1.00099,1.00798,0,0
----Generation 64--------
6,29,1.00735,1.00896,0,0
6,2,1.00797,1.00798,0,0
6,1,1.0057,1.00896,0,0
6,49,1.00099,1.00627,0,0
42,48,1.00099,1.00896,0,0
----Generation 65--------
6,1,1.0057,1.00204,0,0
6,2,1.0057,1.00818,0,0
21,29,1.00735,1.00896,0,0
40,2,1.00099,1.00798,0,0
10,48,1.00099,1.00896,0,0
----Generation 66--------
12,1,1.0057,1.00204,80,10
21,2,1.00122,1.00896,60,18
21,2,1.00099,1.00402,45,27
21,1,1.0057,1.00337,40,2
6,1,1.0057,1.00204,40,2
----Generation 67--------
21,38,1.00122,1.00402,0,0
21,3,1.0057,1.00402,0,0
21,2,1.00122,1.00571,0,0
21,46,1.0057,1.00204,0,0
29,2,1.00099,1.00402,0,0
----Generation 68--------
29,2,1.00122,1.00182,45,10
21,2,1.00355,1.00204,40,2
21,3,1.0057,1.00187,40,2
31,3,1.00122,1.00402,40,2
11,2,1.00122,1.00204,30,5
----Generation 69--------
5,2,1.00122,1.00182,220,11
5,2,1.00122,1.00204,220,11
8,3,1.00122,1.00204,200,19
11,2,1.00122,1.00364,155,34
21,2,1.00122,1.00869,140,35
----Generation 70--------
8,2,1.00061,1.00204,255,48
10,2,1.00122,1.00182,225,37
6,2,1.00122,1.00869,220,11
8,2,1.00122,1.00204,205,21
8,2,1.00122,1.00318,185,18
----Generation 71--------
8,2,1.00676,1.00204,0,0
13,2,1.00122,1.00204,0,0
8,2,1.00403,1.00318,0,0
8,2,1.00324,1.00318,0,0
10,23,1.00122,1.00182,0,0
----Generation 72--------
10,2,1.00122,1.00734,265,43
13,2,1.00122,1.00696,250,62
8,2,1.00122,1.00465,220,36
10,2,1.00122,1.00452,205,52
8,2,1.00122,1.00332,160,43
----Generation 73--------
8,1,1.00122,1.00332,165,17
10,2,1.00122,1.00089,95,34
8,2,1.00166,1.00465,45,4
10,2,1.00122,1.00152,35,18
8,2,1.00135,1.00332,15,6
----Generation 74--------
8,2,1.00452,1.00332,0,0
8,2,1.00122,1.00255,0,0
45,2,1.00122,1.00152,0,0
22,2,1.00122,1.00332,0,0
8,1,1.00369,1.00332,0,0
----Generation 75--------
36,2,1.00122,1.00255,0,0
8,1,1.00452,1.00105,0,0
22,23,1.00122,1.00152,0,0
48,2,1.00452,1.00152,0,0
45,2,1.00122,1.00884,0,0
----Generation 76--------
8,1,1.00122,1.00826,960,70
8,1,1.00122,1.00802,960,70
8,1,1.00122,1.00795,960,70
9,1,1.00122,1.00255,955,87
10,2,1.00122,1.00884,710,67
----Generation 77--------
8,1,1.00122,1.00342,0,0
43,1,1.00122,1.00826,0,0
10,11,1.00122,1.00255,0,0
9,1,1.00122,1.00052,0,0
8,1,1.00122,1.00838,0,0
----Generation 78--------
9,1,1.00201,1.00342,245,18
43,1,1.00122,1.00148,240,70
4,1,1.00122,1.00052,220,86
8,1,1.00122,1.00342,195,31
8,1,1.00122,1.00342,195,31
----Generation 79--------
33,1,1.00122,1.00342,0,0
8,1,1.00497,1.00342,0,0
4,1,1.00127,1.00052,0,0
43,31,1.00122,1.00148,0,0
44,1,1.00122,1.00342,0,0
----Generation 80--------
4,1,1.00127,1.0005,1015,93
3,1,1.00127,1.00052,1000,66
4,1,1.00127,1.00296,495,30
12,1,1.00122,1.00342,490,77
4,1,1.00122,1.00461,480,31
----Generation 81--------
3,1,1.00127,1.00028,740,114
4,1,1.00127,1.0005,715,97
4,1,1.00127,1.00041,715,115
3,1,1.00127,1.00052,700,58
3,1,1.00336,1.00052,580,52
----Generation 82--------
4,1,1.00581,1.00041,0,0
3,1,1.00681,1.00028,0,0
4,1,1.00127,1.00485,0,0
3,12,1.00127,1.00028,0,0
4,1,1.00336,1.00208,0,0
----Generation 83--------
4,1,1.0008,1.00041,880,86
3,1,1.00288,1.00028,700,69
3,1,1.00406,1.00028,700,69
3,1,1.00681,1.00028,700,69
3,1,1.00469,1.00028,700,69
----Generation 84--------
4,1,1.0008,1.00041,485,87
3,1,1.00521,1.00041,480,51
3,1,1.00256,1.00041,480,51
4,1,1.00406,1.0005,460,56
3,1,1.00469,1.00058,400,25
----Generation 85--------
19,1,1.00521,1.00041,0,0
45,1,1.00469,1.00041,0,0
4,1,1.00406,1.00153,0,0
3,1,1.00469,1.00182,0,0
3,1,1.00521,1.00065,0,0
----Generation 86--------
42,1,1.00521,1.00041,0,0
3,3,1.00469,1.00182,0,0
3,38,1.00521,1.00041,0,0
45,1,1.0041,1.00041,0,0
33,1,1.00469,1.00041,0,0
----Generation 87--------
33,15,1.00469,1.00041,0,0
46,3,1.00469,1.00041,0,0
33,1,1.00469,1.0035,0,0
42,29,1.0041,1.00041,0,0
3,20,1.0041,1.00041,0,0
----Generation 88--------
3,1,1.00106,1.00041,440,52
7,1,1.00469,1.00041,60,108
33,1,1.00879,1.0035,40,2
48,1,1.00469,1.0035,20,7
46,3,1.0041,1.00469,20,1
----Generation 89--------
16,3,1.0041,1.00041,0,0
3,3,1.00333,1.00469,0,0
40,1,1.00106,1.0035,0,0
3,1,1.00235,1.00041,0,0
33,29,1.00879,1.00041,0,0
----Generation 90--------
38,3,1.00333,1.00041,0,0
33,29,1.00106,1.00637,0,0
3,4,1.00333,1.00041,0,0
30,3,1.00333,1.00041,0,0
3,21,1.00235,1.00041,0,0
----Generation 91--------
30,3,1.00567,1.00041,0,0
30,16,1.00333,1.00041,0,0
31,21,1.00235,1.00041,0,0
3,3,1.00228,1.00041,0,0
38,3,1.00333,1.00843,0,0
----Generation 92--------
42,21,1.00333,1.00041,60,39
30,3,1.00567,1.00321,20,1
38,36,1.00235,1.00041,0,0
13,3,1.00235,1.00843,0,0
3,3,1.00228,1.00507,0,0
----Generation 93--------
13,3,1.00235,1.00068,210,66
23,3,1.00235,1.00041,205,105
23,3,1.00333,1.00041,190,85
20,3,1.00567,1.00041,180,86
26,3,1.00228,1.00321,175,47
----Generation 94--------
13,20,1.00235,1.00321,0,0
23,3,1.00066,1.00041,0,0
26,3,1.00333,1.0066,0,0
20,3,1.00567,1.00041,0,0
23,3,1.00235,1.0077,0,0
----Generation 95--------
20,3,1.00235,1.0077,30,5
23,3,1.00254,1.0077,30,5
21,3,1.00235,1.00321,30,5
13,48,1.00235,1.00321,25,3
28,3,1.00333,1.0066,20,1
----Generation 96--------
23,3,1.00028,1.0077,35,37
21,3,1.00235,1.00079,20,14
21,3,1.00235,1.00205,20,3
23,3,1.00235,1.00076,20,15
22,3,1.00235,1.00321,20,1
----Generation 97--------
30,3,1.00235,1.00076,305,117
41,3,1.00235,1.00079,215,102
48,3,1.00235,1.00079,215,105
39,3,1.00235,1.00205,195,61
49,3,1.00235,1.00079,175,103
----Generation 98--------
39,3,1.00564,1.00079,0,0
10,3,1.00235,1.00079,0,0
49,10,1.00235,1.00079,0,0
48,49,1.00235,1.00079,0,0
40,3,1.00235,1.00076,0,0
----Generation 99--------
48,3,1.00812,1.00079,0,0
23,3,1.00235,1.00076,0,0
39,49,1.00564,1.00079,0,0
48,22,1.00235,1.00079,0,0
48,13,1.00235,1.00079,0,0
----Generation 100--------
9,3,1.00235,1.00079,15,54
48,49,1.00042,1.00079,0,0
48,49,1.00705,1.00079,0,0
12,13,1.00564,1.00079,0,0
48,49,1.00782,1.00079,0,0
----Generation 101--------
9,49,1.00564,1.00079,0,0
48,49,1.00782,1.00062,0,0
6,49,1.00042,1.00079,0,0
12,13,1.00564,1.0038,0,0
48,32,1.00782,1.00079,0,0
----Generation 102--------
6,1,1.00782,1.00079,480,60
6,8,1.00042,1.0038,25,17
41,32,1.00782,1.00062,20,3
6,49,1.00706,1.0038,20,3
6,49,1.00356,1.0038,15,8
----Generation 103--------
6,3,1.00042,1.0038,500,95
6,1,1.00309,1.00062,440,93
6,1,1.0057,1.00079,420,65
6,1,1.00782,1.00079,420,65
6,1,1.0053,1.00079,420,65
----Generation 104--------
6,1,1.00042,1.00193,1110,256
6,1,1.00042,1.00172,1030,264
6,1,1.00114,1.00079,875,229
6,1,1.00175,1.00079,790,174
6,1,1.00782,1.00185,540,37
----Generation 105--------
8,1,1.00782,1.00079,0,0
11,1,1.00042,1.00172,0,0
6,25,1.00042,1.00193,0,0
6,1,1.0058,1.00193,0,0
6,1,1.00151,1.00185,0,0
----Generation 106--------
6,1,1.00832,1.00193,0,0
6,15,1.00151,1.00193,0,0
6,1,1.0058,1.00295,0,0
6,1,1.00782,1.00123,0,0
26,1,1.0058,1.00193,0,0
----Generation 107--------
6,1,1.00088,1.00123,395,49
6,1,1.00103,1.00123,345,43
6,1,1.00046,1.00193,305,81
6,1,1.00782,1.00072,300,49
6,1,1.00151,1.00112,280,28
----Generation 108--------
6,1,1.00088,1.00081,1405,167
6,1,1.00103,1.00102,1390,131
6,1,1.00103,1.00123,1270,117
6,1,1.00103,1.00123,1270,117
6,1,1.00103,1.00126,1270,115
----Generation 109--------
6,1,1.00103,1.00099,1525,172
6,1,1.00103,1.00102,1505,171
6,1,1.0007,1.00123,1485,183
6,1,1.00103,1.00091,1485,184
6,1,1.00088,1.00081,1450,207
----Generation 110--------
6,1,1.0061,1.00123,0,0
6,1,1.00103,1.00833,0,0
6,1,1.00571,1.00081,0,0
30,1,1.00103,1.00099,0,0
6,37,1.00103,1.00091,0,0
----Generation 111--------
6,1,1.00013,1.00099,0,0
27,1,1.00571,1.00099,0,0
6,1,1.00103,1.00855,0,0
6,37,1.00103,1.00477,0,0
34,1,1.00103,1.00091,0,0
----Generation 112--------
6,33,1.00103,1.00855,0,0
34,8,1.00103,1.00099,0,0
27,7,1.00571,1.00099,0,0
6,37,1.00509,1.00855,0,0
6,1,1.00103,1.0066,0,0
----Generation 113--------
10,1,1.00103,1.0066,140,7
6,1,1.00103,1.0052,100,5
8,1,1.00103,1.0066,100,5
6,1,1.00103,1.00443,100,5
34,19,1.00103,1.0066,40,2
----Generation 114--------
8,19,1.0046,1.0066,0,0
8,23,1.00103,1.0066,0,0
6,1,1.00103,1.00865,0,0
6,1,1.00103,1.00275,0,0
34,1,1.00062,1.0066,0,0
----Generation 115--------
6,1,1.00062,1.00063,510,113
6,1,1.00062,1.00037,365,154
6,1,1.00103,1.00876,145,16
6,1,1.00103,1.00873,145,16
6,1,1.00103,1.0071,145,16
----Generation 116--------
6,6,1.00103,1.00873,0,0
6,23,1.00062,1.00037,0,0
6,17,1.00103,1.0071,0,0
6,25,1.00103,1.00876,0,0
6,1,1.00201,1.00063,0,0
----Generation 117--------
6,25,1.00836,1.00876,0,0
6,6,1.00103,1.00197,0,0
48,17,1.00103,1.00876,0,0
6,17,1.00103,1.00785,0,0
6,25,1.00621,1.00876,0,0
----Generation 118--------
38,17,1.00103,1.00785,0,0
48,35,1.00103,1.00197,0,0
48,1,1.00621,1.00876,0,0
10,17,1.00621,1.00876,0,0
11,25,1.00103,1.00785,0,0
----Generation 119--------
10,1,1.00103,1.00876,545,92
12,1,1.00103,1.00876,425,100
11,4,1.00103,1.00785,100,26
5,35,1.00103,1.00785,75,51
11,25,1.00406,1.00197,40,4
----Generation 120--------
10,1,1.00103,1.00876,570,88
10,1,1.00103,1.00543,550,95
5,1,1.00103,1.00213,525,58
12,1,1.00103,1.00876,500,99
11,1,1.00103,1.00413,485,107
----Generation 121--------
7,1,1.00103,1.00413,210,21
10,1,1.00103,1.00141,190,35
10,1,1.00103,1.00219,190,27
5,1,1.00103,1.00596,150,11
10,1,1.00103,1.00215,150,27
----Generation 122--------
7,1,1.00103,1.00072,600,92
7,1,1.00103,1.00056,480,110
5,1,1.00103,1.00215,455,28
9,1,1.00103,1.00219,420,44
7,1,1.00103,1.00313,420,35
----Generation 123--------
7,1,1.00103,1.00805,0,0
10,1,1.00103,1.00215,0,0
7,11,1.00103,1.00313,0,0
45,1,1.00103,1.00219,0,0
5,1,1.00103,1.00894,0,0
----Generation 124--------
7,1,1.001,1.00215,570,66
7,1,1.00103,1.00247,490,51
5,1,1.00103,1.00595,490,35
5,1,1.00103,1.00119,490,55
7,1,1.00103,1.00824,470,48
----Generation 125--------
5,1,1.00103,1.00078,640,80
5,1,1.00103,1.00119,560,53
7,1,1.001,1.00215,490,57
7,1,1.00103,1.00245,455,44
7,1,1.00103,1.00247,435,43
----Generation 126--------
7,41,1.00103,1.00078,0,0
7,1,1.00103,1.00346,0,0
7,1,1.00103,1.00742,0,0
7,1,1.00103,1.0052,0,0
32,1,1.00103,1.00247,0,0
----Generation 127--------
5,1,1.00103,1.00078,335,78
19,1,1.00103,1.00078,290,107
8,1,1.00103,1.00742,260,27
27,1,1.00103,1.00247,260,43
7,1,1.00103,1.00346,260,27
----Generation 128--------
15,1,1.00103,1.00742,175,14
10,1,1.00103,1.00247,170,14
10,1,1.00103,1.00247,170,14
14,1,1.00103,1.00742,150,11
11,1,1.00103,1.00346,150,13
----Generation 129--------
11,1,1.00123,1.00247,240,47
10,1,1.00103,1.00188,230,63
10,1,1.0013,1.00247,215,44
7,1,1.00103,1.00742,210,42
10,1,1.00103,1.00247,190,55
----Generation 130--------
7,1,1.00152,1.00247,0,0
10,1,1.00314,1.00247,0,0
10,41,1.00103,1.00247,0,0
45,1,1.00103,1.00188,0,0
11,1,1.00103,1.00333,0,0
----Generation 131--------
10,1,1.00103,1.00797,320,37
10,1,1.00094,1.00247,315,62
10,1,1.00103,1.00486,300,38
11,1,1.00103,1.00188,290,75
10,1,1.00103,1.0023,280,57
----Generation 132--------
11,1,1.00826,1.00188,0,0
10,1,1.00276,1.00797,0,0
11,33,1.00103,1.00247,0,0
2,1,1.00094,1.00247,0,0
10,1,1.00103,1.00555,0,0
----Generation 133--------
9,1,1.00103,1.00247,140,14
10,1,1.00103,1.00231,110,18
11,1,1.00103,1.00198,105,23
10,1,1.00103,1.00579,90,15
10,1,1.00103,1.00799,90,15
----Generation 134--------
9,1,1.00103,1.00079,880,194
9,1,1.00103,1.00081,840,190
5,1,1.00103,1.00247,715,50
5,1,1.00103,1.00198,675,56
9,1,1.00103,1.0017,640,126
----Generation 135--------
5,1,1.00103,1.0017,475,33
5,1,1.00103,1.00172,475,33
5,1,1.00103,1.00096,435,61
9,1,1.00103,1.00293,350,40
8,1,1.00103,1.0017,330,57
----Generation 136--------
5,1,1.00068,1.0017,515,47
5,1,1.00036,1.00172,440,92
5,1,1.00103,1.00129,410,26
8,1,1.00103,1.0005,405,115
5,1,1.00103,1.0017,350,23
----Generation 137--------
5,1,1.00086,1.00129,1805,204
5,1,1.00068,1.00083,1720,278
5,1,1.00079,1.0017,1695,196
5,1,1.00101,1.0017,1680,155
5,1,1.00068,1.00147,1680,228
----Generation 138--------
5,1,1.00068,1.00069,1675,156
5,1,1.00068,1.00083,1495,143
5,1,1.00086,1.00038,1495,210
6,1,1.00068,1.00083,1435,165
5,1,1.00101,1.00057,1260,143
----Generation 139--------
6,1,1.00444,1.00083,0,0
5,31,1.00101,1.00057,0,0
5,1,1.00163,1.00083,0,0
16,1,1.00068,1.00083,0,0
40,1,1.00068,1.00083,0,0
----Generation 140--------
40,32,1.00068,1.00083,0,0
6,1,1.00429,1.00083,0,0
37,1,1.00444,1.00083,0,0
6,16,1.00444,1.00083,0,0
40,1,1.00163,1.00729,0,0
----Generation 141--------
6,1,1.0021,1.00083,540,64
6,1,1.00249,1.00083,480,61
6,1,1.00304,1.00083,440,59
6,1,1.00444,1.00083,420,58
6,1,1.00429,1.00083,420,58
----Generation 142--------
6,1,1.00101,1.00083,445,54
8,1,1.00429,1.00083,240,26
8,1,1.00444,1.00083,240,26
11,1,1.00249,1.00083,225,33
6,1,1.00031,1.00083,220,145
----Generation 143--------
2,1,1.00031,1.00083,1370,81
6,1,1.00031,1.00488,695,187
6,1,1.00101,1.00083,680,143
6,1,1.00031,1.00699,675,186
6,1,1.00031,1.00239,675,192
----Generation 144--------
3,1,1.00031,1.00083,1560,144
2,1,1.00031,1.00083,1195,72
6,1,1.00031,1.00098,1195,199
6,1,1.00031,1.00083,1135,214
2,1,1.00031,1.00794,1095,67
----Generation 145--------
2,1,1.00031,1.00014,595,125
2,1,1.00031,1.0004,575,45
2,1,1.00031,1.00064,475,30
2,1,1.00031,1.00083,475,30
2,1,1.00031,1.00094,455,29
----Generation 146--------
12,1,1.00031,1.00064,0,0
2,1,1.00031,1.00094,0,0
2,1,1.00031,1.00424,0,0
2,1,1.00588,1.0004,0,0
2,11,1.00031,1.00064,0,0
----Generation 147--------
2,1,1.00031,1.00135,620,31
2,1,1.00031,1.00673,620,31
2,1,1.00031,1.0046,620,31
2,1,1.00031,1.00748,620,31
2,1,1.00031,1.00426,620,31
----Generation 148--------
1,1,1.00031,1.00135,0,0
4,1,1.00031,1.00426,0,0
2,1,1.00796,1.00135,0,0
2,7,1.00031,1.00426,0,0
2,41,1.00031,1.00426,0,0
----Generation 149--------
2,1,1.00031,1.00049,900,63
2,1,1.00031,1.00018,680,124
2,1,1.00031,1.0042,520,34
2,1,1.00031,1.00135,520,36
4,1,1.00043,1.00426,400,52
----Generation 150--------
27,1,1.00031,1.00018,0,0
4,34,1.00031,1.00135,0,0
2,1,1.00701,1.00135,0,0
2,1,1.00612,1.00018,0,0
2,1,1.00864,1.00018,0,0
----Generation 151--------
2,1,1.00592,1.00018,0,0
2,21,1.00612,1.00018,0,0
16,1,1.00701,1.00135,0,0
8,1,1.00864,1.00018,0,0
4,1,1.00031,1.00861,0,0
----Generation 152--------
2,1,1.00031,1.00765,700,35
2,1,1.00142,1.00018,660,103
2,1,1.00592,1.00018,640,102
2,1,1.00726,1.00018,640,102
2,1,1.00253,1.00018,640,102
----Generation 153--------
2,26,1.00142,1.00018,0,0
2,1,1.00253,1.00796,0,0
2,1,1.00031,1.00566,0,0
2,1,1.00581,1.00018,0,0
2,1,1.00726,1.00224,0,0
----Generation 154--------
2,1,1.00115,1.00018,1260,127
2,1,1.00492,1.00018,1240,126
2,1,1.00821,1.00018,1240,126
2,1,1.00411,1.00018,1240,126
2,1,1.00667,1.00018,1240,126
----Generation 155--------
2,39,1.00411,1.00018,0,0
17,1,1.00821,1.00018,0,0
38,1,1.00115,1.00018,0,0
2,12,1.00492,1.00018,0,0
2,1,1.00115,1.00337,0,0
----Generation 156--------
38,24,1.00115,1.00018,0,0
2,39,1.00829,1.00018,0,0
2,2,1.00115,1.00337,0,0
17,1,1.00381,1.00337,0,0
2,49,1.00115,1.00337,0,0
----Generation 157--------
2,2,1.00799,1.00018,0,0
38,24,1.00115,1.00857,0,0
27,1,1.00115,1.00337,0,0
2,43,1.00381,1.00337,0,0
44,39,1.00829,1.00018,0,0
----Generation 158--------
3,2,1.00799,1.00018,220,73
28,1,1.00381,1.00337,145,29
27,1,1.00581,1.00337,85,10
27,1,1.00779,1.00337,60,7
38,2,1.00799,1.00447,40,4
----Generation 159--------
3,2,1.00813,1.00018,240,32
3,2,1.00581,1.00018,240,32
3,2,1.00799,1.00018,240,32
27,1,1.00581,1.00134,140,15
27,1,1.00799,1.00183,80,7
----Generation 160--------
3,2,1.00491,1.00018,220,83
3,2,1.00642,1.00018,220,83
3,2,1.00725,1.00018,220,83
3,2,1.00707,1.00018,220,83
3,2,1.007,1.00018,220,83
----Generation 161--------
3,2,1.00008,1.00018,765,142
3,2,1.00028,1.00018,765,56
3,2,1.00032,1.00018,660,49
3,2,1.00894,1.00018,520,42
3,2,1.00801,1.00018,520,42
----Generation 162--------
3,2,1.00026,1.00018,625,70
3,2,1.00028,1.00018,605,69
3,2,1.00028,1.00018,605,69
3,2,1.00046,1.00018,565,60
3,2,1.0006,1.00018,500,55
----Generation 163--------
3,2,1.00031,1.00018,350,55
3,2,1.00026,1.00018,345,60
3,2,1.00026,1.00018,345,60
3,2,1.00039,1.00018,325,45
3,2,1.00028,1.00018,320,57
----Generation 164--------
3,2,1.00024,1.00018,1190,183
3,2,1.00026,1.00018,1145,179
3,2,1.00031,1.00018,955,166
3,2,1.00034,1.00018,905,160
3,2,1.00026,1.00073,885,81
----Generation 165--------
3,2,1.00024,1.00018,295,68
3,2,1.00026,1.00018,240,60
3,2,1.00026,1.00018,240,60
3,2,1.00026,1.00018,240,60
3,2,1.00024,1.00398,235,31
----Generation 166--------
3,2,1.00026,1.00021,400,54
3,2,1.0002,1.00018,390,77
3,2,1.00024,1.00018,345,66
3,2,1.00026,1.00018,320,63
3,2,1.00024,1.00288,285,30
----Generation 167--------
3,1,1.00024,1.00018,1125,286
3,2,1.00024,1.00018,895,132
3,2,1.0002,1.00018,860,153
3,2,1.00024,1.00019,835,129
3,2,1.00026,1.00021,790,110
----Generation 168--------
3,1,1.00024,1.00028,1130,142
3,1,1.00024,1.00018,780,171
3,1,1.00024,1.00018,780,171
3,1,1.00026,1.00091,775,74
3,1,1.00026,1.00301,715,69
----Generation 169--------
3,1,1.00041,1.00028,875,98
2,1,1.00024,1.00091,700,52
3,1,1.00026,1.00057,665,98
3,1,1.00024,1.00023,635,152
3,1,1.00024,1.00028,565,133
----Generation 170--------
2,1,1.00024,1.00028,700,88
3,1,1.00033,1.00057,545,87
2,1,1.00009,1.00028,490,182
2,1,1.00024,1.00091,420,50
2,1,1.00024,1.00091,420,50
----Generation 171--------
2,11,1.00024,1.00028,0,0
2,1,1.00033,1.005,0,0
2,1,1.00626,1.00028,0,0
2,1,1.00725,1.00028,0,0
2,4,1.00024,1.00028,0,0
----Generation 172--------
2,1,1.00016,1.00028,1450,164
2,1,1.00024,1.00024,1330,145
2,1,1.00065,1.00028,920,68
2,1,1.006,1.00028,840,64
2,1,1.00291,1.00028,840,64
----Generation 173--------
2,1,1.00024,1.00024,2715,244
2,1,1.00024,1.00024,2715,244
2,1,1.00016,1.00028,2625,268
2,1,1.00045,1.00028,2335,162
2,1,1.00057,1.00028,1960,138
----Generation 174--------
2,4,1.00057,1.00028,0,0
2,1,1.00876,1.00024,0,0
17,1,1.00024,1.00028,0,0
2,1,1.00324,1.00024,0,0
11,1,1.00057,1.00024,0,0
----Generation 175--------
2,1,1.00394,1.00024,940,112
2,1,1.00875,1.00024,940,112
2,1,1.00206,1.00024,940,112
2,1,1.00876,1.00024,940,112
2,1,1.00667,1.00024,940,112
----Generation 176--------
2,1,1.00032,1.00024,445,31
2,1,1.00054,1.00024,360,25
2,1,1.00667,1.00018,360,37
2,1,1.00438,1.00024,320,23
2,1,1.00199,1.00024,320,23
----Generation 177--------
2,1,1.00032,1.00024,1090,99
2,1,1.00014,1.00024,1050,176
2,1,1.00037,1.00018,840,128
2,1,1.00032,1.0042,670,37
2,1,1.00032,1.00302,670,37
----Generation 178--------
3,1,1.00032,1.00024,945,129
2,1,1.00014,1.00024,940,113
2,1,1.00014,1.00025,900,111
2,1,1.00032,1.00024,740,63
3,1,1.00032,1.0042,630,42
----Generation 179--------
1,1,1.00032,1.00024,0,0
2,1,1.00032,1.00262,0,0
2,1,1.00117,1.00024,0,0
2,1,1.00032,1.00613,0,0
23,1,1.00032,1.00024,0,0
----Generation 180--------
41,1,1.00032,1.00024,0,0
18,1,1.00032,1.00024,0,0
32,1,1.00032,1.00024,0,0
2,44,1.00032,1.00262,0,0
2,1,1.00032,1.00887,0,0
----Generation 181--------
3,1,1.00032,1.00887,650,50
4,1,1.00032,1.00024,645,138
4,1,1.00032,1.00024,645,138
2,1,1.00032,1.00092,560,28
2,1,1.00032,1.00651,560,28
----Generation 182--------
3,10,1.00032,1.00887,0,0
42,1,1.00032,1.00651,0,0
3,1,1.00052,1.00024,0,0
4,1,1.00032,1.00305,0,0
4,1,1.00032,1.00887,0,0
----Generation 183--------
3,1,1.00025,1.00024,925,161
3,1,1.00032,1.00781,635,74
3,1,1.00032,1.00225,635,74
3,1,1.00032,1.00148,635,74
3,1,1.00032,1.00745,635,74
----Generation 184--------
3,1,1.00032,1.00003,375,155
2,1,1.00032,1.00781,315,28
3,1,1.00064,1.00781,235,24
3,1,1.00125,1.00024,180,77
3,1,1.00681,1.00024,160,76
----Generation 185--------
3,1,1.00061,1.00024,1700,239
3,1,1.00032,1.00064,1600,214
3,1,1.00085,1.00024,1350,197
2,1,1.00032,1.00212,1240,97
2,1,1.00032,1.00285,1240,97
----Generation 186--------
3,1,1.00032,1.00064,1030,101
2,1,1.00008,1.00064,955,160
3,1,1.00032,1.00069,930,94
3,1,1.00061,1.00024,665,132
3,1,1.00061,1.00099,645,41
----Generation 187--------
3,7,1.00061,1.00024,0,0
2,1,1.00061,1.00024,0,0
30,1,1.00032,1.00064,0,0
8,1,1.00032,1.00069,0,0
2,3,1.00008,1.00069,0,0
----Generation 188--------
14,3,1.00008,1.00024,0,0
46,7,1.00061,1.00024,0,0
30,27,1.00061,1.00064,0,0
5,1,1.00032,1.00069,0,0
30,1,1.00032,1.00766,0,0
----Generation 189--------
46,7,1.00743,1.00024,0,0
30,3,1.00061,1.00369,0,0
33,27,1.00061,1.00024,0,0
30,19,1.00032,1.00064,0,0
30,27,1.00215,1.00024,0,0
----Generation 190--------
30,7,1.00495,1.00024,220,32
30,7,1.00743,1.00024,220,32
27,19,1.00061,1.00024,180,14
30,18,1.00743,1.00024,140,17
30,3,1.00724,1.00064,100,22
----Generation 191--------
27,48,1.00495,1.00024,0,0
30,21,1.00743,1.00024,0,0
42,7,1.00724,1.00064,0,0
8,18,1.00724,1.00064,0,0
30,7,1.00503,1.00024,0,0
----Generation 192--------
27,21,1.00495,1.00111,0,0
7,7,1.00503,1.00064,0,0
30,18,1.00724,1.00898,0,0
8,18,1.00743,1.00464,0,0
8,7,1.00503,1.00058,0,0
----Generation 193--------
27,18,1.00249,1.00111,0,0
25,7,1.00503,1.00064,0,0
31,18,1.00503,1.00064,0,0
34,7,1.00724,1.00058,0,0
7,7,1.00503,1.00409,0,0
----Generation 194--------
7,29,1.00249,1.00111,10,14
25,18,1.00503,1.00711,0,0
5,7,1.00249,1.00409,0,0
27,18,1.00503,1.0026,0,0
27,18,1.00249,1.00597,0,0
----Generation 195--------
25,1,1.00249,1.00711,35,21
45,18,1.00249,1.00597,25,3
25,7,1.00249,1.00119,15,51
27,49,1.00249,1.0026,15,13
7,18,1.00249,1.00759,0,0
----Generation 196--------
25,4,1.00249,1.00119,160,27
35,7,1.00249,1.00119,100,26
25,7,1.00523,1.00119,80,15
25,1,1.00225,1.0026,75,15
25,1,1.00249,1.00711,40,2
----Generation 197--------
25,46,1.00249,1.00119,0,0
25,7,1.00523,1.00414,0,0
23,1,1.00225,1.00119,0,0
25,7,1.00249,1.00513,0,0
25,1,1.00523,1.00217,0,0
----Generation 198--------
45,7,1.00249,1.00513,0,0
25,7,1.00523,1.00119,0,0
23,7,1.00092,1.00119,0,0
25,1,1.00076,1.00513,0,0
25,33,1.00249,1.00217,0,0
----Generation 199--------
4,1,1.00076,1.00119,260,13
25,1,1.00808,1.00217,60,6
23,7,1.00252,1.00119,40,2
25,49,1.00523,1.00119,40,9
23,7,1.00797,1.00119,40,2
----Generation 200--------
23,7,1.00825,1.00119,0,0
23,35,1.00252,1.00119,0,0
23,7,1.00789,1.00217,0,0
31,7,1.00797,1.00119,0,0
4,49,1.00076,1.00217,0,0
----Generation 201--------
23,38,1.00076,1.00217,125,120
4,7,1.00086,1.00217,60,24
4,3,1.00076,1.00217,20,1
31,7,1.00797,1.00824,0,0
36,35,1.00825,1.00119,0,0
----Generation 202--------
4,35,1.00494,1.00119,0,0
4,35,1.00109,1.00217,0,0
30,38,1.00076,1.00217,0,0
23,35,1.00554,1.00119,0,0
12,38,1.00825,1.00217,0,0
----Generation 203--------
12,35,1.00825,1.00877,0,0
4,38,1.00076,1.00217,0,0
12,38,1.00825,1.00567,0,0
4,31,1.00109,1.00217,0,0
12,38,1.00494,1.00486,0,0
----Generation 204--------
44,35,1.00825,1.00877,0,0
12,46,1.00825,1.00567,0,0
4,11,1.00825,1.00877,0,0
19,31,1.00825,1.00567,0,0
15,38,1.00494,1.00217,0,0
----Generation 205--------
33,46,1.00494,1.00567,0,0
44,35,1.00736,1.00567,0,0
4,31,1.00031,1.00877,0,0
16,38,1.00494,1.00877,0,0
4,46,1.00445,1.00877,0,0
----Generation 206--------
44,28,1.00736,1.00877,0,0
34,46,1.00494,1.00567,0,0
4,7,1.00736,1.00877,0,0
33,46,1.00494,1.00567,0,0
34,35,1.00031,1.00877,0,0
----Generation 207--------
33,7,1.00736,1.00022,0,0
4,46,1.00736,1.00849,0,0
44,14,1.00736,1.00877,0,0
34,41,1.00031,1.00877,0,0
44,46,1.00243,1.00567,0,0
----Generation 208--------
31,7,1.00736,1.00022,80,27
33,7,1.00736,1.00022,60,26
44,14,1.00736,1.00086,40,4
36,7,1.00243,1.00022,30,31
35,14,1.00736,1.00022,20,17
----Generation 209--------
44,7,1.00736,1.00205,80,35
33,7,1.00736,1.00337,40,14
35,7,1.00736,1.00421,40,8
31,7,1.00243,1.00378,20,7
35,14,1.00736,1.00251,20,12
----Generation 210--------
44,7,1.00736,1.00421,0,0
33,7,1.00256,1.00205,0,0
33,14,1.00736,1.00706,0,0
33,7,1.00736,1.00205,0,0
31,7,1.00703,1.00378,0,0
----Generation 211--------
20,7,1.00256,1.00421,380,49
31,7,1.00014,1.00205,375,110
19,7,1.00256,1.00205,355,63
31,7,1.00889,1.00205,340,73
31,7,1.00558,1.00205,335,78
----Generation 212--------
19,7,1.00113,1.00421,25,24
20,7,1.00298,1.00205,0,0
31,7,1.00558,1.0033,0,0
19,7,1.00661,1.00421,0,0
18,7,1.00256,1.00205,0,0
----Generation 213--------
50,7,1.00558,1.0033,0,0
19,7,1.00256,1.00205,0,0
31,7,1.00281,1.0033,0,0
18,9,1.00256,1.00205,0,0
20,2,1.00298,1.00205,0,0
----Generation 214--------
29,2,1.00256,1.00205,80,4
35,2,1.00256,1.00205,80,6
31,2,1.00298,1.00205,80,4
50,7,1.00439,1.00205,40,3
50,7,1.00546,1.00205,40,3
----Generation 215--------
28,2,1.00256,1.00205,0,0
50,7,1.00409,1.00205,0,0
35,43,1.00256,1.00205,0,0
29,46,1.00256,1.00205,0,0
29,19,1.00256,1.00205,0,0
----Generation 216--------
35,2,1.00256,1.00382,15,31
28,43,1.00256,1.00415,10,4
28,43,1.00256,1.0086,10,4
10,19,1.00256,1.00205,10,4
29,19,1.00256,1.00707,0,0
----Generation 217--------
10,43,1.00875,1.00205,0,0
28,18,1.00256,1.00707,0,0
29,19,1.00256,1.00322,0,0
10,43,1.00256,1.00364,0,0
28,43,1.00864,1.00707,0,0
----Generation 218--------
28,43,1.00256,1.00167,40,3
10,40,1.00875,1.00205,40,5
5,43,1.00864,1.00364,20,1
8,43,1.00256,1.00364,20,1
10,25,1.00875,1.00205,20,7
----Generation 219--------
11,25,1.00875,1.00364,0,0
33,43,1.00875,1.00205,0,0
22,43,1.00256,1.00364,0,0
10,43,1.00256,1.00142,0,0
10,18,1.00875,1.00364,0,0
----Generation 220--------
32,43,1.00875,1.00142,0,0
22,5,1.00256,1.00205,0,0
10,25,1.00875,1.00205,0,0
13,43,1.00256,1.00142,0,0
11,43,1.00875,1.00889,0,0
----Generation 221--------
11,5,1.00168,1.00889,125,8
13,5,1.00256,1.0021,80,8
13,5,1.00256,1.00223,80,8
11,20,1.00875,1.00142,40,8
10,18,1.00875,1.00142,40,10
----Generation 222--------
13,32,1.00256,1.00223,55,8
11,27,1.00875,1.00142,20,14
11,20,1.00256,1.00228,20,3
11,20,1.00892,1.00223,20,3
11,5,1.00638,1.00889,0,0
----Generation 223--------
13,32,1.00738,1.00889,0,0
11,25,1.00256,1.00228,0,0
4,20,1.00638,1.00889,0,0
17,5,1.00892,1.00889,0,0
34,20,1.00256,1.00223,0,0
----Generation 224--------
11,25,1.0066,1.00889,0,0
13,20,1.00203,1.00889,0,0
34,47,1.00256,1.00228,0,0
34,5,1.00616,1.00889,0,0
34,20,1.00618,1.00889,0,0
----Generation 225--------
34,47,1.00485,1.00889,0,0
34,25,1.00787,1.00889,0,0
18,25,1.0066,1.00889,0,0
13,20,1.00256,1.00228,0,0
34,5,1.00762,1.00889,0,0
----Generation 226--------
34,25,1.00762,1.00068,60,5
10,20,1.00485,1.00228,0,0
34,47,1.00762,1.0054,0,0
13,20,1.00787,1.00723,0,0
13,20,1.00762,1.00664,0,0
----Generation 227--------
10,15,1.00762,1.00228,0,0
4,25,1.00762,1.00664,0,0
34,20,1.00274,1.00228,0,0
34,25,1.00762,1.00706,0,0
34,1,1.00485,1.00068,0,0
----Generation 228--------
10,1,1.00282,1.00068,40,35
5,1,1.00274,1.00228,20,1
7,25,1.00485,1.00068,20,7
4,1,1.00485,1.00109,20,5
4,1,1.00485,1.00184,20,1
----Generation 229--------
7,1,1.00485,1.00865,0,0
4,1,1.00485,1.00377,0,0
4,12,1.00485,1.00109,0,0
5,1,1.00485,1.002,0,0
4,1,1.00781,1.00184,0,0
----Generation 230--------
24,1,1.00485,1.00377,0,0
4,3,1.00485,1.002,0,0
4,9,1.00485,1.00109,0,0
7,1,1.00485,1.00073,0,0
4,48,1.00485,1.00865,0,0
----Generation 231--------
40,1,1.00485,1.00377,0,0
11,9,1.00485,1.00109,0,0
24,9,1.00485,1.00312,0,0
7,1,1.00253,1.002,0,0
24,9,1.00485,1.00236,0,0
----Generation 232--------
24,9,1.00166,1.00236,0,0
24,9,1.00485,1.0053,0,0
40,15,1.00253,1.00377,0,0
7,21,1.00485,1.002,0,0
24,1,1.00485,1.00312,0,0
----Generation 233--------
7,15,1.00485,1.00197,80,6
18,1,1.00166,1.00312,60,62
40,15,1.00253,1.00543,20,2
24,1,1.00166,1.00465,5,52
24,15,1.00485,1.00236,0,0
----Generation 234--------
24,15,1.00485,1.00545,0,0
50,15,1.00485,1.00465,0,0
24,1,1.00166,1.00717,0,0
9,15,1.00485,1.00312,0,0
8,15,1.00253,1.00312,0,0
----Generation 235--------
8,15,1.00488,1.00717,0,0
24,15,1.00235,1.00312,0,0
8,15,1.00485,1.00312,0,0
24,15,1.00485,1.00209,0,0
24,1,1.00485,1.0065,0,0
----Generation 236--------
24,15,1.00235,1.00445,0,0
24,6,1.00485,1.00312,0,0
15,15,1.00485,1.00312,0,0
8,15,1.00488,1.00359,0,0
24,1,1.00485,1.00209,0,0
----Generation 237--------
8,38,1.00488,1.00359,0,0
24,6,1.00488,1.00465,0,0
18,15,1.00235,1.00445,0,0
24,15,1.00231,1.00312,0,0
15,44,1.00235,1.00445,0,0
----Generation 238--------
24,44,1.00244,1.00445,0,0
24,16,1.00235,1.00445,0,0
15,28,1.00235,1.00445,0,0
24,15,1.00231,1.00117,0,0
18,38,1.00235,1.00831,0,0
----Generation 239--------
24,16,1.00235,1.00117,20,1
24,16,1.00109,1.00117,20,1
24,15,1.00231,1.00117,20,1
24,28,1.00235,1.00445,0,0
10,16,1.00235,1.00445,0,0
----Generation 240--------
10,16,1.00417,1.00117,80,14
10,15,1.00597,1.00117,60,11
11,16,1.00235,1.00117,40,6
34,16,1.00235,1.00445,10,5
24,16,1.00235,1.00445,0,0
----Generation 241--------
34,21,1.00235,1.00445,0,0
10,16,1.00235,1.00577,0,0
11,16,1.00694,1.00445,0,0
24,15,1.00193,1.00445,0,0
9,16,1.00235,1.00117,0,0
----Generation 242--------
9,16,1.00235,1.00077,80,18
11,15,1.00193,1.00112,60,3
10,21,1.00235,1.00117,60,12
9,21,1.00235,1.00143,40,8
47,15,1.00235,1.00445,40,2
----Generation 243--------
47,15,1.00261,1.00077,40,13
50,15,1.00235,1.00112,20,1
10,2,1.00235,1.00112,20,12
11,20,1.00235,1.00077,20,3
47,10,1.00235,1.00112,20,6
----Generation 244--------
15,2,1.00235,1.00112,175,64
11,2,1.00207,1.00077,145,85
11,2,1.00235,1.00024,140,133
10,2,1.00261,1.0025,90,10
10,2,1.00235,1.0054400000000001,75,9
----Generation 245--------
5,2,1.00235,1.00024,240,159
10,2,1.00078,1.00112,230,176
17,2,1.00207,1.0025,200,58
10,2,1.00066,1.0054400000000001,145,123
9,2,1.00207,1.0054400000000001,115,11
----Generation 246--------
17,2,1.00235,1.00474,0,0
9,2,1.00836,1.0054400000000001,0,0
7,2,1.00235,1.0054400000000001,0,0
17,2,1.00078,1.00112,0,0
9,2,1.00207,1.00782,0,0
----Generation 247--------
50,2,1.00235,1.0054400000000001,0,0
7,42,1.00235,1.0054400000000001,0,0
17,2,1.00836,1.00353,0,0
17,11,1.00078,1.00782,0,0
29,2,1.00078,1.00112,0,0
----Generation 248--------
7,2,1.00078,1.00289,120,20
7,2,1.00086,1.0054400000000001,75,16
7,2,1.00235,1.00452,60,3
7,1,1.00235,1.00782,60,3
7,2,1.00235,1.0031,60,3
----Generation 249--------
7,1,1.00086,1.00132,290,77
7,1,1.00078,1.00366,285,58
7,1,1.00235,1.00129,95,34
7,2,1.00101,1.00782,90,29
7,2,1.00078,1.00693,70,42
----Generation 250--------
7,22,1.00078,1.00693,0,0
7,14,1.00086,1.00782,0,0
26,1,1.00078,1.00693,0,0
7,2,1.00078,1.00049,0,0
7,1,1.00078,1.00081,0,0
----Generation 251--------
7,1,1.00053,1.00693,0,0
7,7,1.00078,1.00049,0,0
7,2,1.00078,1.0004,0,0
7,14,1.00078,1.00758,0,0
37,1,1.00078,1.00693,0,0
----Generation 252--------
7,30,1.00053,1.00693,0,0
7,2,1.00188,1.00758,0,0
45,1,1.00078,1.00693,0,0
37,39,1.00078,1.00693,0,0
46,7,1.00078,1.00049,0,0
----Generation 253--------
37,7,1.00078,1.00845,0,0
7,50,1.00078,1.00693,0,0
10,2,1.00078,1.00758,0,0
7,30,1.00563,1.00693,0,0
7,29,1.00053,1.00693,0,0
----Generation 254--------
7,2,1.00053,1.00855,290,41
7,2,1.00053,1.00841,290,41
10,2,1.00078,1.00175,245,43
7,2,1.00078,1.00758,210,22
7,2,1.00078,1.00693,210,22
----Generation 255--------
7,2,1.00053,1.00281,0,0
7,18,1.00053,1.00758,0,0
7,42,1.00078,1.00841,0,0
7,2,1.00078,1.00706,0,0
8,2,1.00053,1.00175,0,0
----Generation 256--------
7,2,1.00078,1.0012,0,0
7,2,1.00053,1.0003,0,0
7,2,1.00234,1.00175,0,0
1,42,1.00053,1.00758,0,0
7,2,1.00509,1.00758,0,0
----Generation 257--------
6,2,1.00053,1.00758,495,58
7,2,1.00053,1.00461,285,79
7,2,1.00053,1.00672,285,79
7,2,1.00053,1.00382,285,79
7,2,1.00053,1.00316,285,79
----Generation 258--------
7,2,1.00053,1.00062,540,153
6,2,1.00053,1.0007,480,123
7,2,1.00053,1.00039,360,191
7,2,1.00053,1.00461,360,81
7,2,1.00053,1.00428,360,81
----Generation 259--------
6,20,1.00053,1.00062,0,0
18,2,1.00053,1.0007,0,0
7,41,1.00053,1.00062,0,0
7,44,1.00053,1.00062,0,0
7,2,1.008,1.00062,0,0
----Generation 260--------
7,44,1.00053,1.00012,0,0
7,20,1.00053,1.0007,0,0
7,20,1.00053,1.00551,0,0
7,2,1.00053,1.00262,0,0
18,2,1.00053,1.00823,0,0
----Generation 261--------
7,2,1.00053,1.0067,80,11
7,2,1.00053,1.00533,80,11
7,2,1.00053,1.00331,80,11
7,2,1.00053,1.00429,80,11
7,13,1.00053,1.00262,75,9
----Generation 262--------
21,2,1.00053,1.00331,0,0
7,2,1.00053,1.00262,0,0
38,2,1.00053,1.00331,0,0
7,2,1.00053,1.00042,0,0
7,2,1.00132,1.00429,0,0
----Generation 263--------
7,2,1.00159,1.00262,0,0
38,3,1.00053,1.00042,0,0
7,2,1.00832,1.00429,0,0
21,2,1.00201,1.00262,0,0
21,31,1.00132,1.00331,0,0
----Generation 264--------
7,3,1.00053,1.0089,405,85
18,2,1.00201,1.00262,295,70
25,2,1.00201,1.00262,250,85
27,2,1.00201,1.00262,235,88
21,2,1.00159,1.00429,220,89
----Generation 265--------
7,27,1.00053,1.0089,0,0
18,3,1.00201,1.00277,0,0
18,10,1.00053,1.00262,0,0
40,2,1.00201,1.00262,0,0
46,2,1.00201,1.00429,0,0
----Generation 266--------
10,10,1.00201,1.00262,0,0
18,42,1.00053,1.0089,0,0
7,31,1.00053,1.00277,0,0
40,3,1.00744,1.00262,0,0
40,12,1.00201,1.00262,0,0
----Generation 267--------
40,12,1.00053,1.00822,0,0
40,3,1.00471,1.00262,0,0
1,42,1.00201,1.0089,0,0
7,31,1.00053,1.00501,0,0
29,31,1.00053,1.00277,0,0
----Generation 268--------
7,3,1.00053,1.00799,160,57
7,14,1.00053,1.00822,75,107
7,3,1.00201,1.0089,55,8
44,3,1.00471,1.0089,40,9
7,31,1.00332,1.00822,20,22
----Generation 269--------
44,3,1.00053,1.00822,0,0
44,26,1.00332,1.00822,0,0
40,31,1.00053,1.00822,0,0
7,5,1.00053,1.00822,0,0
7,3,1.00623,1.0089,0,0
----Generation 270--------
7,3,1.00053,1.00667,150,32
44,3,1.00623,1.0032,20,1
12,3,1.00053,1.00822,20,58
40,31,1.00053,1.00774,5,2
40,31,1.00053,1.00749,5,2
----Generation 271--------
26,3,1.00053,1.0032,0,0
7,6,1.00053,1.00667,0,0
37,31,1.00053,1.00822,0,0
1,3,1.00623,1.00667,0,0
21,3,1.00053,1.00667,0,0
----Generation 272--------
6,3,1.00053,1.0032,160,22
26,3,1.00582,1.0032,20,1
26,3,1.00532,1.0032,20,1
37,39,1.00053,1.00822,0,0
31,3,1.00623,1.00822,0,0
----Generation 273--------
21,3,1.00053,1.00822,80,57
6,3,1.00053,1.0032,70,28
6,3,1.00053,1.00637,70,28
6,3,1.00053,1.00319,70,28
6,3,1.00053,1.00647,70,28
----Generation 274--------
21,11,1.00053,1.00822,0,0
21,23,1.00053,1.00822,0,0
21,3,1.00053,1.0083,0,0
6,3,1.00722,1.00637,0,0
6,3,1.0014,1.00319,0,0
----Generation 275--------
6,3,1.00053,1.00401,110,16
21,3,1.0014,1.00565,50,23
21,3,1.0014,1.00455,50,23
43,3,1.00053,1.00822,50,63
30,11,1.0014,1.00319,20,1
----Generation 276--------
6,3,1.00053,1.00401,200,31
6,3,1.00053,1.00247,200,31
6,3,1.00053,1.00319,200,31
6,3,1.00053,1.00434,200,31
9,3,1.00053,1.00319,140,57
----Generation 277--------
6,3,1.00053,1.00073,145,46
6,2,1.00053,1.00401,115,39
5,3,1.00053,1.00319,115,11
6,3,1.00053,1.00077,105,44
6,3,1.00053,1.00112,105,30
----Generation 278--------
6,2,1.00053,1.00461,0,0
5,30,1.00053,1.00319,0,0
6,3,1.00568,1.00319,0,0
6,3,1.00053,1.00795,0,0
6,2,1.00053,1.0084,0,0
----Generation 279--------
6,2,1.00053,1.00084,70,47
6,2,1.00207,1.00461,45,4
6,16,1.00568,1.00319,40,2
6,2,1.00053,1.00461,30,33
6,2,1.00053,1.00175,30,33
----Generation 280--------
6,2,1.00053,1.00294,435,101
6,2,1.00053,1.00444,415,96
6,2,1.00053,1.00464,415,96
6,2,1.00053,1.00552,415,96
6,2,1.00053,1.00312,415,100
----Generation 281--------
6,2,1.00053,1.00458,0,0
6,2,1.00053,1.00528,0,0
34,2,1.00053,1.00294,0,0
6,2,1.00053,1.00887,0,0
6,50,1.00053,1.00294,0,0
----Generation 282--------
6,2,1.00053,1.0018,420,66
6,2,1.00053,1.00177,420,66
6,2,1.00053,1.00239,400,63
6,2,1.00053,1.00261,400,63
6,2,1.00053,1.00134,400,71
----Generation 283--------
10,2,1.00053,1.0018,0,0
6,2,1.00053,1.00153,0,0
6,41,1.00053,1.00134,0,0
6,2,1.00053,1.00444,0,0
6,2,1.0059,1.00177,0,0
----Generation 284--------
6,2,1.00053,1.00084,335,64
6,2,1.00053,1.00138,315,42
4,2,1.00053,1.00134,265,15
6,2,1.00053,1.00153,255,39
5,2,1.00053,1.00444,245,28
----Generation 285--------
5,2,1.00053,1.00235,0,0
38,2,1.00053,1.00138,0,0
6,2,1.00605,1.00134,0,0
5,2,1.00614,1.00444,0,0
6,2,1.00053,1.00134,0,0
----Generation 286--------
5,2,1.00672,1.00138,0,0
6,13,1.00605,1.00134,0,0
5,16,1.00053,1.00138,0,0
38,2,1.00053,1.00841,0,0
30,2,1.00605,1.00134,0,0
----Generation 287--------
23,2,1.00605,1.00134,0,0
4,2,1.00605,1.00841,0,0
5,2,1.00605,1.00138,0,0
5,19,1.00605,1.00134,0,0
38,46,1.00672,1.00841,0,0
----Generation 288--------
38,2,1.00578,1.00138,0,0
38,19,1.00672,1.00699,0,0
5,30,1.00605,1.00134,0,0
23,2,1.00038,1.00138,0,0
38,2,1.00605,1.00841,0,0
----Generation 289--------
38,1,1.00672,1.00134,100,23
38,2,1.00578,1.00138,60,19
14,2,1.00605,1.00138,60,15
37,2,1.00578,1.00138,60,19
38,2,1.00578,1.00111,60,29
----Generation 290--------
14,11,1.00578,1.00138,0,0
38,20,1.00578,1.00134,0,0
38,1,1.00659,1.00111,0,0
46,2,1.00578,1.00138,0,0
17,2,1.00672,1.00138,0,0
----Generation 291--------
38,1,1.00174,1.00111,140,16
38,1,1.0054400000000001,1.00111,100,14
38,1,1.00746,1.00111,100,14
38,1,1.00659,1.00138,60,4
38,1,1.00672,1.00138,60,4
----Generation 292--------
33,1,1.00174,1.00111,0,0
10,1,1.00746,1.00138,0,0
38,1,1.00672,1.0047,0,0
38,19,1.00659,1.00111,0,0
38,1,1.00136,1.00111,0,0
----Generation 293--------
38,1,1.00672,1.00172,0,0
38,19,1.00672,1.00778,0,0
50,1,1.00746,1.00138,0,0
38,1,1.00174,1.00185,0,0
18,19,1.00659,1.0047,0,0
----Generation 294--------
50,1,1.00746,1.00804,0,0
18,25,1.00659,1.00172,0,0
38,50,1.00672,1.00185,0,0
38,1,1.00174,1.00547,0,0
38,14,1.00672,1.00172,0,0
----Generation 295--------
18,1,1.00165,1.00547,225,34
18,1,1.00174,1.00547,200,31
12,1,1.00174,1.00804,140,21
44,1,1.00174,1.00804,90,36
48,1,1.00174,1.00547,90,37
----Generation 296--------
2,1,1.00165,1.00547,0,0
44,33,1.00174,1.00804,0,0
44,1,1.00893,1.00804,0,0
18,1,1.00445,1.00804,0,0
18,1,1.00448,1.00547,0,0
----Generation 297--------
2,1,1.00165,1.00245,0,0
18,1,1.00445,1.0078,0,0
44,33,1.00174,1.00559,0,0
18,1,1.0063,1.00547,0,0
32,33,1.00445,1.00804,0,0
----Generation 298--------
7,1,1.00165,1.00245,140,11
9,1,1.00165,1.00245,130,24
9,1,1.00165,1.00245,130,24
2,25,1.00445,1.00804,35,7
2,1,1.00165,1.00245,20,1
----Generation 299--------
2,1,1.00636,1.00245,0,0
2,1,1.00445,1.00415,0,0
9,35,1.00165,1.00245,0,0
9,25,1.00165,1.00366,0,0
9,45,1.00165,1.00245,0,0
----Generation 300--------
9,1,1.0015,1.00366,715,62
9,1,1.00165,1.00628,620,52
9,1,1.00165,1.00744,620,52
9,1,1.00165,1.0084,620,52
9,1,1.00165,1.00431,620,52
----Generation 301--------
9,1,1.00165,1.00172,680,69
9,1,1.00105,1.00744,680,83
9,1,1.0015,1.00216,660,67
9,1,1.0015,1.00224,660,67
9,1,1.00165,1.00194,660,62
----Generation 302--------
29,1,1.0015,1.00216,0,0
6,1,1.0015,1.00224,0,0
9,48,1.00165,1.00744,0,0
9,1,1.0006,1.00224,0,0
34,1,1.00165,1.00744,0,0
----Generation 303--------
45,1,1.0015,1.00216,0,0
6,1,1.00404,1.00744,0,0
34,1,1.00165,1.00247,0,0
44,1,1.0006,1.00224,0,0
13,1,1.0006,1.00216,0,0
----Generation 304--------
6,1,1.00165,1.0026,0,0
44,1,1.00358,1.00744,0,0
45,33,1.0015,1.00216,0,0
18,1,1.00165,1.00744,0,0
26,1,1.00404,1.00744,0,0
----Generation 305--------
6,1,1.00081,1.00216,1150,121
8,1,1.00165,1.0026,890,66
6,1,1.00165,1.0026,670,46
6,1,1.00165,1.00369,650,43
6,1,1.00165,1.00404,650,43
----Generation 306--------
6,1,1.00883,1.00404,0,0
6,1,1.00081,1.00565,0,0
6,1,1.00081,1.00714,0,0
6,1,1.0044,1.00216,0,0
6,1,1.00165,1.00893,0,0
----Generation 307--------
21,1,1.00165,1.00714,0,0
6,1,1.0029,1.00216,0,0
6,33,1.0044,1.00216,0,0
6,1,1.00081,1.00807,0,0
13,1,1.00883,1.00893,0,0
----Generation 308--------
21,1,1.00233,1.00216,0,0
13,1,1.00458,1.00893,0,0
35,1,1.00165,1.00216,0,0
6,1,1.00469,1.00714,0,0
6,4,1.00081,1.00216,0,0
----Generation 309--------
21,1,1.00027,1.00216,0,0
6,1,1.00081,1.00714,0,0
38,1,1.00165,1.00216,0,0
13,1,1.00752,1.00216,0,0
33,1,1.00165,1.00216,0,0
----Generation 310--------
2,1,1.00027,1.00216,585,45
6,1,1.00079,1.00216,440,43
6,1,1.00165,1.00175,360,18
11,1,1.00165,1.00216,345,32
6,1,1.00081,1.00714,335,36
----Generation 311--------
6,1,1.00165,1.00703,0,0
6,25,1.00027,1.00175,0,0
1,1,1.00079,1.00216,0,0
6,33,1.00165,1.00175,0,0
2,1,1.00027,1.0032,0,0
----Generation 312--------
31,1,1.00079,1.00175,0,0
6,25,1.00027,1.00705,0,0
6,25,1.00312,1.00175,0,0
1,1,1.00079,1.00611,0,0
6,25,1.00027,1.0015,0,0
----Generation 313--------
31,7,1.00079,1.00175,0,0
6,1,1.00079,1.00405,0,0
31,47,1.00027,1.00175,0,0
6,25,1.00079,1.00504,0,0
6,12,1.00079,1.00611,0,0
----Generation 314--------
6,1,1.00079,1.00029,710,239
6,1,1.00079,1.00745,530,72
6,1,1.00079,1.00504,530,74
6,1,1.00079,1.00504,530,74
6,1,1.00079,1.00897,530,72
----Generation 315--------
6,24,1.00079,1.00504,0,0
6,1,1.00079,1.00767,0,0
6,1,1.00079,1.00213,0,0
6,25,1.00079,1.00029,0,0
6,13,1.00079,1.00504,0,0
----Generation 316--------
23,25,1.00079,1.00029,0,0
6,9,1.00079,1.00504,0,0
6,1,1.00129,1.00767,0,0
6,32,1.00079,1.00504,0,0
2,1,1.00079,1.00213,0,0
----Generation 317--------
23,9,1.00445,1.00504,0,0
6,9,1.0037,1.00504,0,0
6,25,1.00212,1.00029,0,0
23,50,1.00079,1.00029,0,0
6,14,1.00079,1.00504,0,0
----Generation 318--------
6,1,1.00079,1.00029,315,91
23,9,1.00445,1.00156,60,3
23,9,1.00445,1.00222,40,2
28,25,1.00212,1.00029,40,2
19,25,1.0037,1.00029,40,12
----Generation 319--------
23,25,1.00445,1.00196,0,0
23,9,1.00826,1.00222,0,0
19,25,1.00645,1.00156,0,0
23,9,1.00445,1.00069,0,0
23,27,1.00445,1.00222,0,0
----Generation 320--------
23,27,1.00445,1.00051,40,4
17,9,1.00445,1.00069,20,15
23,9,1.00428,1.00222,0,0
23,16,1.00826,1.00222,0,0
46,25,1.00445,1.00156,0,0
----Generation 321--------
23,9,1.00047,1.00051,0,0
46,46,1.00445,1.00051,0,0
23,16,1.00445,1.00051,0,0
17,16,1.00826,1.00691,0,0
28,27,1.00445,1.00222,0,0
----Generation 322--------
46,16,1.00445,1.00489,20,1
23,16,1.00826,1.00672,0,0
28,26,1.00826,1.00691,0,0
45,27,1.00445,1.00691,0,0
17,16,1.00826,1.00104,0,0
----Generation 323--------
23,16,1.00284,1.00672,0,0
17,26,1.00245,1.00104,0,6
45,24,1.00445,1.00489,0,0
23,26,1.00838,1.00691,0,0
28,16,1.00826,1.00325,0,0
----Generation 324--------
40,24,1.00284,1.00672,0,0
45,43,1.00284,1.00672,0,0
23,31,1.00826,1.00325,0,0
13,16,1.00826,1.00325,0,0
45,26,1.00247,1.00489,0,0
----Generation 325--------
45,24,1.00284,1.00578,0,0
45,16,1.00819,1.00672,0,0
23,31,1.0006,1.00672,0,0
5,24,1.00826,1.00672,0,0
13,3,1.00247,1.00325,0,0
----Generation 326--------
5,16,1.00819,1.00094,20,7
45,3,1.00354,1.00578,0,0
45,23,1.00247,1.00672,0,0
45,24,1.00826,1.0081,0,0
45,24,1.00514,1.00578,0,0
----Generation 327--------
45,6,1.00819,1.00578,0,0
45,24,1.00354,1.00809,0,0
19,23,1.00247,1.00672,0,0
45,23,1.00514,1.00497,0,0
45,24,1.00247,1.00885,0,0
----Generation 328--------
19,23,1.00514,1.00881,0,0
45,24,1.00414,1.00497,0,0
45,24,1.00354,1.00361,0,0
45,24,1.00354,1.0001,0,0
6,23,1.00819,1.00578,0,0
----Generation 329--------
45,24,1.00167,1.00578,25,3
19,23,1.00267,1.00881,0,0
19,23,1.00414,1.00276,0,0
45,23,1.00575,1.00361,0,0
6,23,1.00539,1.00881,0,0
----Generation 330--------
13,23,1.00267,1.00881,0,0
19,45,1.00414,1.00276,0,0
6,27,1.00539,1.00881,0,0
16,23,1.00414,1.00276,0,0
45,5,1.00414,1.00276,0,0
----Generation 331--------
13,43,1.00267,1.00881,0,0
45,23,1.00267,1.00126,0,0
19,45,1.00267,1.00751,0,0
13,5,1.00249,1.00881,0,0
6,23,1.00821,1.00881,0,0
----Generation 332--------
13,43,1.00267,1.00881,45,11
13,43,1.00267,1.00766,45,11
13,43,1.00267,1.00658,45,11
13,37,1.00249,1.00881,30,12
6,23,1.00267,1.00784,25,17
----Generation 333--------
13,37,1.00249,1.00634,0,0
13,43,1.00267,1.00365,0,0
13,43,1.00875,1.00784,0,0
13,23,1.00558,1.00881,0,0
14,43,1.00267,1.00784,0,0
----Generation 334--------
14,1,1.00267,1.00784,110,9
13,43,1.00267,1.00449,45,4
13,43,1.00267,1.00432,45,4
14,46,1.00267,1.00365,45,4
13,43,1.00267,1.00408,45,4
----Generation 335--------
14,1,1.00267,1.00169,85,20
13,1,1.00245,1.00408,65,5
46,1,1.00267,1.00365,60,5
14,1,1.00267,1.00784,45,4
13,1,1.00267,1.00784,45,4
----Generation 336--------
14,1,1.00157,1.00784,130,24
13,1,1.00112,1.00408,115,46
14,1,1.00267,1.0021,100,15
13,1,1.00099,1.00169,95,70
24,1,1.00245,1.00408,85,17
----Generation 337--------
13,1,1.00502,1.00784,0,0
14,40,1.00112,1.0021,0,0
14,1,1.00157,1.00759,0,0
14,1,1.00099,1.00031,0,0
13,2,1.00157,1.00408,0,0
----Generation 338--------
13,1,1.00099,1.00856,215,51
14,1,1.00157,1.0085,205,19
14,1,1.00157,1.00759,205,19
14,1,1.00099,1.00898,200,52
14,1,1.00099,1.00868,200,52
----Generation 339--------
14,33,1.00099,1.00868,0,0
14,5,1.00157,1.00759,0,0
14,39,1.00099,1.00759,0,0
13,1,1.00099,1.00071,0,0
43,1,1.00099,1.00868,0,0
----Generation 340--------
3,1,1.00099,1.00071,520,38
3,1,1.00099,1.00868,200,10
13,1,1.00099,1.00311,175,88
13,1,1.00099,1.00499,155,77
13,1,1.00099,1.00783,135,76
----Generation 341--------
47,1,1.00099,1.00868,0,0
3,1,1.00217,1.00868,0,0
3,1,1.00681,1.00499,0,0
3,26,1.00099,1.00783,0,0
3,46,1.00099,1.00868,0,0
----Generation 342--------
17,1,1.00099,1.00868,0,0
3,46,1.00606,1.00783,0,0
3,18,1.00217,1.00868,0,0
47,22,1.00099,1.00868,0,0
7,1,1.00099,1.00783,0,0
----Generation 343--------
7,5,1.00099,1.00783,0,0
17,1,1.00099,1.00557,0,0
3,43,1.00606,1.00783,0,0
48,46,1.00606,1.00783,0,0
7,29,1.00099,1.00783,0,0
----Generation 344--------
17,1,1.00099,1.00776,0,0
48,46,1.00606,1.0075,0,0
17,46,1.00606,1.00783,0,0
48,1,1.00099,1.00169,0,0
3,46,1.00781,1.00783,0,0
----Generation 345--------
3,1,1.00012,1.00776,1185,218
3,1,1.00781,1.00044,760,90
3,1,1.00099,1.00215,460,25
3,1,1.00099,1.00745,460,23
10,1,1.00099,1.00783,450,92
----Generation 346--------
10,1,1.00386,1.00776,0,0
3,1,1.00099,1.0085,0,0
3,43,1.00099,1.00745,0,0
12,1,1.00099,1.00776,0,0
3,40,1.00099,1.00783,0,0
----Generation 347--------
12,1,1.00263,1.00783,0,0
12,26,1.00099,1.00783,0,0
12,40,1.00668,1.00776,0,0
50,43,1.00099,1.00783,0,0
12,1,1.00386,1.00776,0,0
----Generation 348--------
12,1,1.00263,1.00072,435,79
12,1,1.00099,1.00055,290,146
7,1,1.00099,1.00783,250,59
12,1,1.00263,1.00783,195,16
50,1,1.00263,1.00176,195,57
----Generation 349--------
5,1,1.00099,1.00072,445,56
7,1,1.00198,1.00055,425,52
12,1,1.00634,1.00072,340,42
12,1,1.00218,1.00055,330,65
12,1,1.00263,1.00072,330,45
----Generation 350--------
5,1,1.00074,1.00055,995,152
7,1,1.00068,1.00055,850,200
5,1,1.00099,1.00095,840,75
8,1,1.00099,1.00072,735,165
5,1,1.00099,1.00072,720,98
----Generation 351--------
41,1,1.00099,1.00072,0,0
5,30,1.00074,1.00055,0,0
5,1,1.00228,1.00055,0,0
1,1,1.00099,1.00072,0,0
5,1,1.00099,1.00473,0,0
----Generation 352--------
1,1,1.00099,1.00273,0,0
5,11,1.00074,1.00055,0,0
5,1,1.00099,1.0003,0,0
50,30,1.00074,1.00072,0,0
41,30,1.00329,1.00072,0,0
----Generation 353--------
5,1,1.00099,1.00072,845,81
5,1,1.0021,1.00055,660,96
5,1,1.00528,1.00055,640,95
5,1,1.00239,1.00072,520,63
5,1,1.00074,1.00588,435,41
----Generation 354--------
5,46,1.0021,1.00055,0,0
5,1,1.0003,1.00072,0,0
38,1,1.00074,1.00588,0,0
33,1,1.00239,1.00055,0,0
5,1,1.00074,1.00042,0,0
----Generation 355--------
5,37,1.00074,1.00055,0,0
38,1,1.00074,1.00113,0,0
5,18,1.0021,1.00055,0,0
5,40,1.00074,1.00588,0,0
2,1,1.00239,1.00055,0,0
----Generation 356--------
23,18,1.0021,1.00055,0,0
5,20,1.00074,1.00055,0,0
5,22,1.00074,1.00113,0,0
18,40,1.00239,1.00588,0,0
2,1,1.00447,1.00055,0,0
----Generation 357--------
2,1,1.00447,1.00016,300,91
5,1,1.00074,1.00055,275,77
5,1,1.00801,1.00055,140,50
5,1,1.00824,1.00055,140,50
5,1,1.00074,1.00489,135,27
----Generation 358--------
5,1,1.00074,1.00055,995,132
5,1,1.00074,1.00055,995,132
5,1,1.001,1.00055,900,115
5,1,1.00074,1.00036,870,156
5,1,1.00094,1.00055,855,118
----Generation 359--------
5,1,1.00095,1.00055,685,79
5,1,1.00059,1.00055,670,109
5,1,1.00074,1.00055,650,94
5,1,1.00074,1.00055,650,94
3,1,1.00094,1.00055,640,39
----Generation 360--------
5,1,1.00241,1.00055,0,0
5,1,1.00094,1.00109,0,0
5,1,1.00074,1.00851,0,0
5,39,1.00074,1.00055,0,0
24,1,1.00074,1.00055,0,0
----Generation 361--------
5,1,1.00055,1.00055,965,140
5,1,1.00074,1.00107,555,63
8,1,1.00074,1.00055,535,152
8,1,1.00074,1.00055,535,152
5,1,1.00241,1.00055,480,79
----Generation 362--------
5,1,1.00055,1.00055,630,71
5,1,1.00055,1.00049,590,75
6,1,1.00074,1.00107,485,44
5,1,1.00074,1.00084,480,44
5,1,1.00116,1.00055,445,39
----Generation 363--------
5,1,1.00116,1.00056,0,0
5,11,1.00055,1.00049,0,0
45,1,1.00116,1.00107,0,0
5,46,1.00074,1.00084,0,0
5,10,1.00074,1.00084,0,0
----Generation 364--------
5,1,1.00116,1.00056,580,79
5,1,1.00769,1.00084,460,33
5,1,1.00175,1.00056,340,60
5,1,1.00516,1.00056,320,59
5,1,1.00116,1.00815,260,20
----Generation 365--------
5,1,1.00086,1.00056,300,60
3,1,1.00175,1.00056,280,16
5,1,1.00094,1.00056,280,59
3,1,1.00175,1.00056,280,16
5,1,1.00116,1.00056,260,51
----Generation 366--------
5,1,1.00416,1.00056,0,0
42,1,1.00086,1.00056,0,0
5,46,1.00175,1.00056,0,0
5,1,1.00236,1.00056,0,0
5,22,1.00094,1.00056,0,0
----Generation 367--------
5,46,1.00871,1.00056,0,0
13,1,1.00086,1.00056,0,0
5,45,1.00416,1.00056,0,0
5,1,1.00704,1.00056,0,0
42,1,1.00416,1.00497,0,0
----Generation 368--------
5,1,1.00657,1.00497,0,0
5,1,1.00505,1.00056,0,0
5,45,1.0016,1.00056,0,0
30,46,1.00416,1.00056,0,0
37,1,1.00086,1.00056,0,0
----Generation 369--------
5,1,1.00086,1.0005,690,92
5,1,1.00086,1.00435,430,39
5,1,1.00086,1.00801,430,39
5,1,1.00505,1.00056,360,47
5,1,1.00306,1.00056,360,47
----Generation 370--------
50,1,1.00306,1.00056,0,0
5,1,1.00108,1.00056,0,0
5,1,1.00306,1.00898,0,0
5,16,1.00306,1.0005,0,0
5,1,1.00505,1.00618,0,0
----Generation 371--------
5,34,1.00306,1.00618,0,0
5,1,1.00306,1.00824,0,0
50,1,1.00108,1.00415,0,0
5,1,1.00096,1.00056,0,0
50,19,1.00108,1.00056,0,0
----Generation 372--------
5,1,1.00181,1.00056,460,59
5,1,1.00573,1.00056,360,54
5,1,1.00786,1.00056,360,54
5,1,1.00009,1.00056,305,208
5,1,1.00096,1.00772,250,16
----Generation 373--------
5,1,1.00153,1.00056,0,0
5,1,1.00239,1.00056,0,0
6,1,1.00786,1.00772,0,0
5,1,1.00423,1.00056,0,0
8,1,1.00009,1.00056,0,0
----Generation 374--------
17,1,1.00423,1.00056,0,0
5,1,1.00593,1.00056,0,0
2,1,1.00239,1.00056,0,0
6,1,1.00709,1.00772,0,0
22,1,1.00239,1.00056,0,0
----Generation 375--------
5,43,1.00423,1.00056,0,0
6,1,1.00239,1.00396,0,0
22,1,1.00239,1.00334,0,0
22,1,1.00709,1.00772,0,0
6,7,1.00239,1.00056,0,0
----Generation 376--------
6,1,1.00239,1.00056,260,59
5,1,1.00423,1.00009,260,127
5,1,1.00522,1.00056,220,49
22,1,1.00239,1.00342,220,25
6,1,1.00615,1.00056,220,57
----Generation 377--------
22,1,1.00615,1.00702,0,0
6,27,1.00522,1.00056,0,0
5,1,1.00423,1.00194,0,0
5,13,1.00522,1.00009,0,0
5,1,1.00239,1.00024,0,0
----Generation 378--------
5,1,1.00067,1.00702,820,90
5,1,1.00187,1.00024,240,162
5,1,1.00615,1.00139,180,15
5,1,1.00773,1.00024,140,157
5,1,1.00473,1.00024,140,157
----Generation 379--------
5,1,1.00067,1.00126,510,67
5,1,1.00071,1.00139,465,59
5,1,1.00067,1.00702,370,50
5,1,1.00067,1.00277,370,50
5,1,1.00565,1.00139,140,13
----Generation 380--------
5,1,1.00067,1.00057,600,110
5,1,1.00071,1.00033,580,149
5,1,1.00067,1.00054,560,113
5,1,1.00067,1.00154,520,50
5,1,1.00018,1.00139,490,151
----Generation 381--------
2,1,1.00018,1.00054,625,74
5,1,1.00046,1.00033,490,106
5,1,1.00071,1.00033,400,86
5,1,1.00067,1.00427,390,38
5,1,1.00067,1.0067,390,38
----Generation 382--------
2,1,1.00046,1.00694,265,15
2,1,1.00046,1.00421,265,15
2,1,1.00046,1.00485,265,15
3,1,1.00067,1.00054,190,39
2,1,1.0009,1.00033,160,23
----Generation 383--------
2,1,1.0002,1.00421,0,0
2,1,1.00044,1.00033,0,0
2,1,1.00046,1.00714,0,0
2,1,1.00046,1.00836,0,0
2,29,1.00046,1.00694,0,0
----Generation 384--------
2,1,1.0002,1.00421,440,29
2,1,1.0002,1.00719,440,29
2,1,1.0002,1.00453,440,29
2,1,1.0002,1.00523,440,29
2,1,1.00044,1.00033,340,25
----Generation 385--------
2,1,1.00044,1.00185,0,0
2,1,1.0002,1.00859,0,0
2,7,1.0002,1.00719,0,0
2,1,1.0002,1.00287,0,0
2,7,1.0002,1.00523,0,0
----Generation 386--------
2,7,1.0062,1.00719,0,0
2,7,1.00229,1.00523,0,0
2,1,1.0002,1.00886,0,0
2,7,1.0002,1.00553,0,0
2,1,1.00232,1.00185,0,0
----Generation 387--------
2,1,1.0002,1.00041,1350,123
2,1,1.0002,1.00858,950,95
2,1,1.0002,1.00411,950,95
47,1,1.00232,1.00719,215,23
2,1,1.0042,1.00185,20,1
----Generation 388--------
2,1,1.00462,1.00411,0,0
2,1,1.0002,1.00269,0,0
2,1,1.00534,1.00185,0,0
2,7,1.0002,1.00041,0,0
47,1,1.00442,1.00185,0,0
----Generation 389--------
2,1,1.0002,1.00152,1930,135
2,1,1.0002,1.00599,1850,131
2,1,1.0002,1.00647,1850,131
2,1,1.0002,1.0037,1850,131
2,1,1.0002,1.00213,1850,131
----Generation 390--------
2,1,1.0002,1.00574,0,0
1,1,1.0002,1.0037,0,0
2,1,1.0002,1.00133,0,0
2,1,1.00036,1.00599,0,0
5,1,1.0002,1.00152,0,0
----Generation 391--------
31,1,1.0002,1.0037,0,0
5,7,1.0002,1.0037,0,0
1,1,1.0002,1.00644,0,0
2,31,1.0002,1.00133,0,0
2,1,1.0002,1.00337,0,0
----Generation 392--------
2,31,1.00247,1.0037,0,0
2,31,1.00257,1.00133,0,0
2,31,1.0002,1.00858,0,0
2,7,1.0002,1.00513,0,0
2,1,1.0002,1.00433,0,0
----Generation 393--------
2,7,1.00057,1.00513,0,0
2,31,1.00178,1.00133,0,0
2,31,1.00257,1.00089,0,0
27,31,1.00257,1.00433,0,0
7,7,1.0002,1.00133,0,0
----Generation 394--------
2,29,1.00057,1.00089,0,0
47,31,1.0002,1.00133,0,0
2,7,1.0053,1.00133,0,0
2,7,1.00057,1.00027,0,0
7,7,1.0002,1.00133,0,0
----Generation 395--------
9,7,1.00057,1.00133,35,14
47,31,1.00057,1.00405,15,69
47,31,1.00057,1.00486,15,69
7,7,1.00646,1.00089,0,0
7,7,1.00355,1.00133,0,0
----Generation 396--------
47,4,1.00057,1.00486,60,18
47,7,1.00057,1.00852,45,11
47,7,1.00057,1.00529,45,11
47,7,1.00057,1.00223,45,11
47,7,1.00057,1.00688,45,11
----Generation 397--------
47,7,1.00057,1.00779,0,0
39,7,1.00057,1.00529,0,0
47,3,1.00057,1.00486,0,0
47,7,1.00158,1.00852,0,0
27,7,1.00057,1.00223,0,0
----Generation 398--------
47,3,1.0042,1.00486,45,35
27,1,1.00057,1.00852,30,145
47,25,1.00158,1.00779,15,13
27,29,1.00057,1.00529,0,0
39,40,1.00057,1.00223,0,0
----Generation 399--------
39,49,1.00057,1.00486,40,2
47,3,1.00057,1.00529,35,35
27,1,1.00459,1.00529,25,3
27,1,1.00585,1.00852,20,1
31,25,1.00057,1.00529,15,6
----Generation 400--------
31,25,1.00553,1.00529,0,0
25,49,1.00057,1.00852,0,0
47,3,1.00867,1.00529,0,0
39,49,1.00057,1.00397,0,0
17,49,1.00057,1.00486,0,0
----Generation 401--------
4,3,1.00057,1.00852,385,21
17,13,1.00057,1.00397,280,70
39,3,1.00763,1.00397,220,31
39,3,1.00542,1.00397,190,33
39,26,1.00057,1.00852,170,69
----Generation 402--------
39,3,1.00763,1.00344,0,0
35,13,1.00057,1.00852,0,0
18,13,1.00542,1.00397,0,0
39,26,1.00542,1.00117,0,0
39,3,1.00373,1.00397,0,0
----Generation 403--------
39,23,1.00542,1.00117,100,21
39,26,1.00384,1.00117,40,18
39,26,1.00273,1.00117,40,18
39,26,1.00431,1.00117,40,18
39,26,1.00473,1.00117,40,18
----Generation 404--------
47,26,1.00384,1.00117,120,37
39,5,1.00273,1.00117,105,59
45,26,1.00542,1.00117,100,38
43,26,1.00542,1.00117,80,34
49,26,1.00542,1.00117,80,36
----Generation 405--------
43,43,1.00542,1.00117,0,0
49,26,1.00542,1.00406,0,0
47,26,1.00384,1.00486,0,0
43,26,1.00542,1.00294,0,0
43,26,1.00542,1.00473,0,0
----Generation 406--------
44,26,1.00384,1.00486,0,0
43,43,1.00384,1.00025,0,0
49,26,1.00542,1.00805,0,0
43,43,1.00542,1.00117,0,0
49,35,1.00542,1.00117,0,0
----Generation 407--------
49,43,1.00542,1.00578,0,0
49,43,1.0064,1.00025,0,0
44,22,1.00384,1.00117,0,0
49,26,1.00542,1.00695,0,0
44,43,1.00384,1.00734,0,0
----Generation 408--------
49,10,1.0064,1.00025,0,0
49,50,1.00384,1.00734,0,0
49,43,1.00835,1.00025,0,0
11,22,1.00542,1.00578,0,0
49,43,1.00049,1.00578,0,0
----Generation 409--------
49,12,1.0064,1.00025,0,0
11,43,1.00542,1.00717,0,0
49,43,1.0064,1.00507,0,0
49,43,1.00835,1.00533,0,0
49,10,1.00498,1.00578,0,0
----Generation 410--------
11,43,1.0062,1.00717,55,8
11,48,1.00835,1.00533,20,1
8,43,1.00835,1.00507,5,2
11,10,1.00169,1.00717,0,0
49,43,1.00498,1.00571,0,0
----Generation 411--------
11,24,1.00835,1.00717,0,0
8,26,1.0062,1.00507,0,0
11,43,1.00835,1.00536,0,0
32,43,1.0062,1.00717,0,0
25,43,1.00169,1.00717,0,0
----Generation 412--------
8,26,1.0062,1.00374,0,0
10,26,1.00835,1.00507,0,0
19,43,1.0062,1.00717,0,0
32,24,1.0062,1.00365,0,0
37,43,1.00835,1.00536,0,0
----Generation 413--------
50,43,1.0062,1.00717,0,0
32,43,1.00231,1.00536,0,0
8,26,1.0062,1.0005,0,0
9,43,1.00835,1.00717,0,0
9,43,1.0062,1.00717,0,0
----Generation 414--------
32,43,1.0062,1.00482,0,0
50,43,1.00571,1.00717,0,0
33,43,1.0062,1.00717,0,0
50,43,1.00299,1.00536,0,0
9,43,1.00376,1.00717,0,0
----Generation 415--------
33,43,1.0062,1.00014,0,0
46,43,1.00376,1.00717,0,0
32,43,1.00747,1.00717,0,0
32,45,1.0062,1.00482,0,0
50,11,1.00299,1.00717,0,0
----Generation 416--------
32,43,1.00118,1.00014,0,0
32,45,1.00719,1.00014,0,0
50,11,1.00299,1.00817,0,0
46,4,1.0062,1.00014,0,0
32,32,1.0062,1.00014,0,0
----Generation 417--------
32,4,1.00469,1.00014,0,0
44,4,1.00299,1.00014,0,0
32,19,1.00299,1.00817,0,0
7,45,1.00719,1.00014,0,0
13,45,1.00299,1.00817,0,0
----Generation 418--------
32,4,1.00299,1.00014,0,0
7,28,1.00719,1.00817,0,0
32,4,1.00299,1.00321,0,0
32,4,1.00469,1.00141,0,0
44,32,1.00719,1.00014,0,0
----Generation 419--------
32,4,1.00299,1.002,145,12
18,4,1.00469,1.00141,120,8
32,4,1.0032,1.00321,85,6
32,4,1.00154,1.00141,85,31
8,4,1.00299,1.00141,80,4
----Generation 420--------
18,4,1.00299,1.00085,220,40
40,4,1.00154,1.00141,185,25
41,4,1.00469,1.00141,120,26
12,4,1.00469,1.00141,120,11
34,4,1.00154,1.00141,120,20
----Generation 421--------
34,4,1.00578,1.00085,0,0
34,23,1.00469,1.00141,0,0
14,4,1.00154,1.00141,0,0
42,4,1.00469,1.00141,0,0
18,4,1.00812,1.00141,0,0
----Generation 422--------
14,4,1.00028,1.00141,0,0
14,32,1.00154,1.00141,0,0
18,3,1.00469,1.00141,0,0
34,44,1.00154,1.00141,0,0
34,22,1.00578,1.00085,0,0
----Generation 423--------
34,46,1.00578,1.00141,0,0
18,22,1.00469,1.00351,0,0
37,44,1.00154,1.00141,0,0
9,22,1.00469,1.00085,0,0
14,30,1.00154,1.00141,0,0
----Generation 424--------
18,46,1.00673,1.00351,20,11
14,46,1.00578,1.00334,20,11
9,46,1.00469,1.00351,20,11
14,30,1.00578,1.00169,20,27
22,30,1.00154,1.00141,0,20
----Generation 425--------
18,46,1.00251,1.00169,0,0
14,46,1.00578,1.00169,0,0
12,46,1.00469,1.00141,0,0
14,30,1.00369,1.00169,0,0
14,34,1.00578,1.00351,0,0
----Generation 426--------
12,46,1.00251,1.00556,0,0
14,40,1.00578,1.00141,0,0
14,34,1.00578,1.00225,0,0
40,34,1.00578,1.00141,0,0
14,46,1.002,1.00141,0,0
----Generation 427--------
14,46,1.00251,1.00175,25,11
12,46,1.00578,1.00129,20,7
5,34,1.00251,1.00556,20,8
27,34,1.00578,1.00225,0,0
14,15,1.00578,1.00141,0,0
