----Generation 0--------
12,40,1.0012322460857994,1.007112680597028,0,0
12,45,1.0034772079441798,1.007596835933578,0,0
47,27,1.006965821357379,1.0054023574923858,0,0
40,12,1.0082322433335813,1.004913194140321,0,0
14,14,1.001713244999415,1.0033399149716962,0,0
----Generation 1--------
16,20,1.007,1.00095,0,0
4,20,1.00005,1.00809,0,0
36,20,1.00071,1.00431,0,0
33,34,1.00218,1.00608,0,0
41,14,1.00892,1.00497,0,0
----Generation 2--------
7,6,1.00337,1.00037,0,0
50,4,1.00452,1.0084,0,0
4,19,1.00196,1.00494,0,0
11,1,1.00813,1.00702,0,0
7,35,1.0044,1.00087,0,0
----Generation 3--------
12,26,1.00229,1.00829,0,0
22,8,1.00758,1.00087,0,0
28,10,1.00792,1.0085,0,0
42,35,1.00748,1.0014,0,0
28,9,1.00497,1.00322,0,0
----Generation 4--------
11,2,1.00859,1.00761,0,0
8,44,1.00461,1.00373,0,0
22,47,1.00305,1.00119,0,0
48,39,1.00689,1.00784,0,0
24,35,1.00268,1.00554,0,0
----Generation 5--------
40,8,1.00441,1.00099,100,12
43,24,1.00162,1.00177,45,4
44,1,1.00727,1.00244,40,3
25,2,1.0035,1.00543,30,5
31,49,1.00663,1.00202,20,1
----Generation 6--------
9,1,1.00727,1.00244,160,40
31,49,1.00275,1.00202,100,28
24,1,1.0035,1.00543,95,62
31,49,1.00244,1.00202,95,33
25,1,1.0035,1.00808,90,57
----Generation 7--------
25,1,1.00244,1.00077,570,166
12,1,1.00244,1.00543,510,57
24,1,1.00244,1.00153,505,137
15,1,1.00244,1.00202,490,103
24,1,1.0035,1.00406,380,42
----Generation 8--------
27,1,1.00244,1.00153,180,51
24,1,1.00244,1.00305,140,33
24,1,1.00244,1.00322,120,30
24,1,1.00193,1.00153,105,67
25,1,1.00244,1.00077,100,84
----Generation 9--------
24,10,1.00244,1.00153,0,0
25,1,1.00244,1.00291,0,0
7,1,1.00193,1.00153,0,0
25,35,1.00244,1.00153,0,0
16,1,1.00244,1.00153,0,0
----Generation 10--------
40,7,1.00285,1.00185,0,0
43,2,1.00315,1.00788,0,0
15,44,1.00416,1.00362,0,0
22,34,1.0064,1.00207,0,0
26,23,1.00511,1.00141,0,0
----Generation 11--------
10,2,1.00012,1.00131,0,0
42,4,1.00859,1.00649,0,0
6,16,1.005,1.00545,0,0
4,41,1.00872,1.00483,0,0
24,28,1.0085,1.00287,0,0
----Generation 12--------
20,26,1.00703,1.00278,0,0
25,24,1.00758,1.00442,0,0
45,28,1.00177,1.00206,0,0
20,16,1.00632,1.00441,0,0
17,19,1.00854,1.00812,0,0
----Generation 13--------
20,1,1.00463,1.00361,50,12
33,4,1.00802,1.00323,40,8
42,13,1.00778,1.00407,40,6
43,1,1.0045,1.0016,25,50
27,48,1.00607,1.00097,20,22
----Generation 14--------
43,1,1.00356,1.0016,130,64
34,48,1.00607,1.00097,120,11
43,1,1.00375,1.0016,65,59
27,1,1.00607,1.00287,40,24
43,30,1.00778,1.0016,40,2
----Generation 15--------
43,8,1.00375,1.0016,0,0
5,30,1.00778,1.0016,0,0
43,30,1.00778,1.0016,0,0
43,1,1.00607,1.00285,0,0
27,1,1.00607,1.00269,0,0
----Generation 16--------
37,2,1.00624,1.00832,0,0
4,7,1.00287,1.00679,0,0
12,36,1.00229,1.00296,0,0
45,39,1.0006,1.0062,0,0
18,5,1.00714,1.00002,0,0
