----Generation 0--------
38,34,1.00183,1.00078,0,0
47,34,1.00041,1.00264,0,0
17,43,1.00247,1.00011,0,0
34,50,1.00001,1.001,0,0
30,32,1.00036,1.00034,0,0
----Generation 1--------
42,42,1.00192,1.00045,0,0
49,20,1.00165,1.00274,0,0
15,50,1.00071,1.002,0,0
24,2,1.002,1.00261,0,0
22,40,1.00128,1.00224,0,0
----Generation 2--------
25,47,1.00029,1.00232,75,46
12,44,1.00052,1.00231,70,43
19,35,1.00034,1.00229,55,43
8,28,1.00027,1.00182,45,59
7,32,1.00019,1.00222,40,63
----Generation 3--------
7,5,1.00019,1.00222,100,72
7,28,1.00137,1.00222,30,19
7,35,1.00167,1.00222,10,18
29,28,1.00019,1.00222,5,2
7,32,1.00196,1.00182,5,16
----Generation 4--------
7,1,1.00167,1.00222,330,33
29,28,1.00253,1.00182,0,0
29,28,1.00196,1.00297,0,0
29,32,1.00249,1.00222,0,0
45,35,1.00167,1.00222,0,0
----Generation 5--------
7,1,1.00167,1.00222,345,62
18,15,1.00051,1.00192,150,32
30,41,1.00088,1.00227,140,14
24,29,1.00084,1.00106,120,10
26,35,1.00106,1.00197,85,8
----Generation 6--------
7,1,1.00167,1.00222,415,37
38,29,1.00084,1.00106,70,8
26,20,1.00106,1.00227,60,3
42,35,1.00106,1.00227,40,2
45,35,1.00084,1.00197,30,5
----Generation 7--------
26,20,1.00106,1.00046,20,3
26,35,1.00093,1.00227,0,0
26,20,1.00062,1.00227,0,0
42,37,1.00084,1.00197,0,0
26,50,1.00106,1.00227,0,0
----Generation 8--------
16,24,1.00135,1.0025,15,13
33,23,1.00299,1.00277,0,0
32,34,1.00245,1.00138,0,0
46,44,1.00197,1.00286,0,0
16,16,1.00113,1.00298,0,0
----Generation 9--------
30,45,1.00173,1.00148,0,0
48,1,1.00189,1.00024,0,0
5,15,1.00219,1.00048,0,0
44,37,1.00201,1.00091,0,0
39,17,1.00178,1.00236,0,0
----Generation 10--------
3,45,1.00237,1.00199,0,0
38,13,1.00263,1.00279,0,0
49,7,1.00043,1.00011,0,0
44,4,1.00011,1.00233,0,0
39,38,1.00013,1.00152,0,0
----Generation 11--------
49,15,1.00173,1.00167,0,0
42,17,1.00117,1.00243,0,0
23,32,1.00098,1.00297,0,0
8,4,1.00098,1.00283,0,0
40,8,1.00065,1.00151,0,0
----Generation 12--------
35,1,1.00195,1.00252,150,29
48,4,1.00211,1.00274,90,20
4,13,1.00234,1.00259,55,17
31,38,1.00056,1.00075,40,17
48,6,1.00223,1.00173,25,32
----Generation 13--------
44,13,1.00056,1.00075,0,0
31,6,1.00215,1.00173,0,0
48,38,1.00223,1.00173,0,0
4,13,1.00051,1.00259,0,0
48,50,1.00223,1.00075,0,0
----Generation 14--------
48,10,1.00292,1.00084,0,0
19,39,1.00143,1.00204,0,0
12,14,1.00012,1.00152,0,0
1,5,1.00019,1.0026,0,0
1,40,1.00077,1.00158,0,0
----Generation 15--------
24,4,1.00105,1.00234,30,26
33,25,1.00146,1.00099,25,8
37,27,1.00165,1.002,20,2
26,37,1.00067,1.00143,15,19
32,36,1.00025,1.00104,5,16
----Generation 16--------
32,1,1.00165,1.002,155,73
26,13,1.00165,1.002,55,25
32,37,1.00067,1.00088,55,12
26,37,1.00188,1.00143,25,15
26,1,1.00067,1.002,25,106
----Generation 17--------
5,1,1.00067,1.002,315,51
7,1,1.00067,1.002,180,60
26,1,1.00263,1.00143,135,36
37,1,1.00188,1.00143,120,48
26,1,1.00188,1.00255,75,23
----Generation 18--------
26,1,1.00263,1.00143,0,0
10,1,1.00188,1.00255,0,0
26,40,1.00263,1.00143,0,0
35,1,1.00263,1.00255,0,0
26,1,1.00188,1.00264,0,0
----Generation 19--------
31,35,1.00152,1.00037,80,11
10,1,1.00188,1.00255,60,17
37,24,1.00161,1.00293,60,3
33,39,1.00218,1.00049,40,11
39,27,1.00166,1.00274,40,2
----Generation 20--------
10,1,1.00188,1.00255,270,70
11,24,1.00218,1.00293,90,38
39,23,1.00166,1.00274,70,32
48,39,1.00166,1.00274,55,10
48,27,1.00161,1.00293,50,32
----Generation 21--------
48,7,1.00166,1.00274,0,0
39,23,1.00166,1.00166,0,0
48,23,1.0014,1.00274,0,0
48,27,1.00023,1.00293,0,0
38,39,1.00166,1.00293,0,0
----Generation 22--------
7,2,1.00096,1.00126,295,49
4,26,1.00212,1.00261,75,23
6,29,1.00272,1.00287,75,9
10,2,1.00075,1.00181,70,62
7,12,1.00227,1.00136,60,3
----Generation 23--------
7,2,1.00142,1.00136,260,115
7,2,1.00218,1.00136,210,81
7,2,1.00096,1.00126,210,178
10,14,1.00075,1.00181,135,61
10,12,1.00051,1.00181,130,45
----Generation 24--------
10,6,1.00051,1.00181,130,37
10,37,1.00096,1.00181,20,53
7,12,1.00096,1.0022,15,34
7,11,1.00075,1.00126,15,41
10,8,1.00051,1.00181,10,4
----Generation 25--------
7,11,1.00075,1.00148,0,0
7,12,1.00234,1.0022,0,0
7,8,1.00075,1.00055,0,0
48,8,1.00075,1.00126,0,0
7,11,1.00075,1.00271,0,0
----Generation 26--------
18,48,1.00166,1.00207,0,0
47,8,1.00176,1.00083,0,0
50,7,1.00291,1.00037,0,0
44,8,1.0019,1.0002,0,0
31,11,1.00107,1.00141,0,0
----Generation 27--------
34,1,1.00227,1.00248,80,19
35,16,1.00165,1.00167,60,4
18,5,1.0019,1.0016,50,10
24,45,1.0013,1.00214,45,11
27,1,1.00159,1.00245,40,26
----Generation 28--------
34,1,1.0019,1.0016,0,0
27,1,1.0019,1.00245,0,0
24,6,1.0013,1.00214,0,0
24,47,1.0013,1.00214,0,0
45,5,1.0019,1.0016,0,0
----Generation 29--------
12,25,1.0024,1.0008,60,11
18,46,1.00274,1.00044,60,31
6,13,1.00189,1.00158,40,2
23,14,1.00181,1.00057,35,17
3,2,1.0003,1.0016,30,20
----Generation 30--------
34,13,1.00189,1.0016,100,8
23,14,1.00222,1.00057,100,30
23,14,1.00181,1.00057,100,30
23,13,1.00189,1.00086,100,14
3,2,1.0003,1.0016,90,43
----Generation 31--------
23,34,1.0003,1.00086,0,0
23,35,1.00189,1.00057,0,0
23,14,1.00189,1.00235,0,0
23,27,1.0003,1.00057,0,0
3,13,1.00267,1.0016,0,0
----Generation 32--------
5,2,1.00084,1.00135,190,34
48,3,1.00249,1.00202,125,16
43,5,1.00238,1.0009,40,44
46,25,1.00293,1.00014,40,65
13,3,1.00243,1.0014,35,25
----Generation 33--------
13,24,1.00293,1.00014,0,0
46,25,1.00264,1.00014,0,0
46,20,1.00238,1.0009,0,0
43,3,1.00243,1.00146,0,0
35,3,1.00238,1.0014,0,0
----Generation 34--------
4,4,1.00115,1.00184,0,0
11,20,1.0023,1.00209,0,0
21,40,1.0022,1.00174,0,0
20,40,1.00188,1.00068,0,0
32,16,1.00101,1.00281,0,0
----Generation 35--------
3,11,1.00112,1.00293,40,30
20,30,1.0013,1.00284,35,7
48,18,1.00227,1.0029,20,1
9,37,1.0027,1.00093,5,32
4,4,1.00115,1.00184,0,0
----Generation 36--------
9,18,1.00227,1.00264,90,14
5,18,1.0027,1.0029,70,17
9,3,1.0027,1.0029,55,8
9,18,1.00084,1.0029,25,49
9,4,1.0027,1.0029,15,6
----Generation 37--------
9,3,1.00168,1.0029,55,8
9,3,1.00177,1.0029,55,8
9,3,1.00084,1.00296,45,39
31,3,1.0027,1.0029,45,4
9,3,1.0027,1.0029,40,2
----Generation 38--------
31,18,1.0027,1.00296,0,0
9,3,1.00193,1.0029,0,0
31,3,1.0027,1.00024,0,0
9,3,1.00084,1.00123,0,0
29,3,1.0027,1.0029,0,0
----Generation 39--------
41,29,1.00207,1.00199,0,0
3,45,1.00129,1.00191,0,0
20,42,1.00262,1.00259,0,0
28,50,1.00261,1.00224,0,0
21,6,1.00093,1.00296,0,0
----Generation 40--------
27,16,1.0024,1.00167,0,0
39,26,1.00134,1.00134,0,0
29,9,1.00135,1.00164,0,0
4,21,1.00015,1.00142,0,0
17,13,1.00254,1.00037,0,0
----Generation 41--------
27,39,1.0015,1.00106,10,13
16,11,1.00294,1.00213,0,0
9,8,1.00235,1.00152,0,0
17,34,1.00266,1.00179,0,5
41,46,1.00152,1.00138,0,0
----Generation 42--------
35,28,1.00068,1.00221,0,0
13,17,1.00109,1.00067,0,0
48,28,1.00186,1.00124,0,0
7,7,1.0016,1.00012,0,0
2,20,1.00016,1.00028,0,0
----Generation 43--------
6,1,1.00111,1.00244,460,58
2,1,1.00096,1.00179,220,11
16,1,1.00297,1.00155,200,71
9,1,1.00294,1.00233,175,20
5,1,1.00274,1.00151,160,14
----Generation 44--------
5,1,1.00059,1.00233,550,70
5,1,1.00086,1.00233,450,43
5,1,1.00274,1.00062,445,70
5,1,1.00274,1.00068,425,61
5,1,1.00274,1.00034,345,123
----Generation 45--------
5,1,1.00086,1.00233,1500,136
5,1,1.00081,1.00062,1375,287
5,1,1.00059,1.00233,1320,183
5,1,1.0007,1.00062,1200,308
5,1,1.00103,1.00062,1180,258
