----Generation 0--------
35,14,1.0073909456820689,1.0017871499514164,70,19
22,1,1.0055732879158967,1.0041843281132414,40,20
22,24,1.0072020976127083,1.002439011225434,0,0
13,15,1.0060273669751456,1.0062856563936926,0,0
34,38,1.0016560163404962,1.0076180787227862,0,0
----Generation 1--------
34,15,1.0060273669751456,1.0047273781206243,0,0
27,14,1.0073909456820689,1.0076180787227862,0,0
35,38,1.0073909456820689,1.0022584102206924,0,0
34,38,1.0024662633849348,1.002439011225434,0,0
22,18,1.0060273669751456,1.002439011225434,0,0
----Generation 2--------
27,14,1.0073909456820689,1.0021563472230313,20,4
34,38,1.006647211618194,1.0022584102206924,0,0
27,15,1.0060273669751456,1.0047273781206243,0,0
39,38,1.0060273669751456,1.002439011225434,0,0
34,49,1.0060273669751456,1.0047273781206243,0,0
----Generation 3--------
25,15,1.0060273669751456,1.0047273781206243,30,16
39,38,1.0073909456820689,1.0087885581531295,0,0
12,14,1.0060273669751456,1.002439011225434,0,0
39,38,1.0045266759557598,1.002439011225434,0,0
43,49,1.0060273669751456,1.0047273781206243,0,0
----Generation 4--------
39,49,1.0015805670237063,1.0087885581531295,45,9
6,15,1.0060273669751456,1.0047273781206243,0,0
39,38,1.0060273669751456,1.0073172759847744,0,0
39,38,1.0060273669751456,1.002975717117338,0,0
39,28,1.0045266759557598,1.0047273781206243,0,0
----Generation 5--------
39,28,1.0060273669751456,1.0023586018350854,40,3
39,28,1.0022654552170454,1.0047273781206243,30,1
6,38,1.0060273669751456,1.0047273781206243,15,8
6,38,1.0060273669751456,1.0060355644578032,15,8
41,28,1.0045266759557598,1.0047273781206243,0,0
----Generation 6--------
39,28,1.0060273669751456,1.0023586018350854,60,2
39,28,1.0040630712996534,1.0023586018350854,60,2
39,28,1.0023732214062602,1.0023586018350854,60,2
39,28,1.0077964639320671,1.0023586018350854,60,2
39,28,1.008613953141054,1.0023586018350854,60,2
----Generation 7--------
50,28,1.0060273669751456,1.0023586018350854,60,9
49,28,1.0077964639320671,1.0023586018350854,20,11
13,28,1.0077964639320671,1.0023586018350854,20,14
39,28,1.0023732214062602,1.0051280445424435,0,0
35,28,1.0023732214062602,1.0023586018350854,0,0
----Generation 8--------
50,28,1.0021305508210963,1.0051280445424435,75,13
13,35,1.0023732214062602,1.0023586018350854,70,27
13,28,1.0054719443080522,1.0023586018350854,20,12
13,32,1.0077964639320671,1.0051280445424435,0,0
39,28,1.0060273669751456,1.0046863318262362,0,0
