----Generation 0--------
4,4,1.00000001,1.00000001,0,0
2,2,1.00000001,1.00000001,0,0
47,47,1.00000001,1.00000001,0,0
37,41,1.00000001,1.00000001,-445,232
32,40,1.00000001,1.00000001,-475,234
----Generation 1--------
4,4,1.00000001,1.00000001,0,0
4,4,1.00249,1.00000001,0,0
4,4,1.00000001,1.00000001,0,0
4,4,1.00000001,1.00381,0,0
47,47,1.00000001,1,0,0
----Generation 2--------
7,4,1.00249,1.00000001,0,0
4,35,1.00000001,1.00000001,0,0
43,4,1.00249,1.00000001,0,0
4,27,1.00249,1.00000001,0,0
4,33,1.00000001,1,0,0
----Generation 3--------
7,1,1.00000001,1.00000001,10,329
43,33,1.00249,1.00822,0,0
43,33,1.00249,1.00426,0,0
4,4,1.00000001,1.00386,0,0
43,43,1.00249,1.00000001,0,0
----Generation 4--------
43,43,1.00288,1.00000001,0,0
8,33,1.00000001,1.00386,0,0
45,33,1.00249,1.00426,0,0
43,1,1.00000001,1.0035,0,0
6,43,1.00249,1.00000001,0,0
----Generation 5--------
26,33,1.00288,1.00000001,0,0
43,43,1.00841,1.00000001,0,0
6,1,1.00000001,1.00775,0,0
45,26,1.00000001,1.00426,0,0
6,1,1.00000001,1.0035,0,0
----Generation 6--------
6,1,1.0046,1.0035,0,0
6,1,1.00624,1.0035,0,0
6,24,1.00000001,1.00775,0,0
3,1,1.00288,1.0035,0,0
45,40,1.00000001,1.00000001,0,0
----Generation 7--------
6,1,1.00000001,1.00093,1040,434
6,1,1.00000001,1.00143,1020,387
6,1,1.00104,1.0035,980,137
6,1,1.00006,1.0035,685,306
6,1,1.0046,1.0012,560,110
----Generation 8--------
6,1,1.00059,1.00093,1025,160
6,1,1.00178,1.00093,720,71
6,1,1.00145,1.0012,660,67
6,1,1.00000001,1.00036,550,318
6,1,1.00006,1.00144,520,230
----Generation 9--------
40,1,1.00145,1.00036,0,0
6,32,1.00178,1.0012,0,0
6,17,1.00145,1.0012,0,0
6,27,1.00059,1.00093,0,0
6,1,1.00445,1.00093,0,0
----Generation 10--------
6,1,1.00085,1.00036,1210,223
6,1,1.00001,1.0012,725,260
6,1,1.00145,1.00108,695,90
6,1,1.00329,1.00036,680,153
6,1,1.00857,1.00036,640,151
----Generation 11--------
37,1,1.00085,1.00036,0,0
6,1,1.00168,1.00036,0,0
6,1,1.00145,1.00131,0,0
18,1,1.00145,1.00036,0,0
6,1,1.00085,1.00019,0,0
----Generation 12--------
6,1,1.00085,1.00045,1350,267
6,1,1.00145,1.00036,965,220
6,1,1.00168,1.00036,865,201
6,1,1.00085,1.00638,855,111
6,1,1.00085,1.00338,835,112
----Generation 13--------
6,1,1.00085,1.00109,275,41
6,1,1.00145,1.00114,220,24
3,1,1.00085,1.00638,200,10
6,1,1.00085,1.00332,195,22
6,1,1.00085,1.00078,195,54
----Generation 14--------
6,1,1.00085,1.00098,1025,153
6,1,1.00085,1.00096,1025,153
7,1,1.00085,1.00109,925,155
6,1,1.00085,1.00132,885,121
7,1,1.00085,1.00114,885,151
----Generation 15--------
6,1,1.00085,1.00096,465,81
6,1,1.00085,1.001,465,77
6,1,1.00085,1.00106,445,75
7,1,1.00098,1.00114,430,71
6,1,1.00085,1.00098,425,79
----Generation 16--------
7,1,1.00085,1.00712,0,0
6,1,1.00864,1.00114,0,0
6,15,1.00085,1.00098,0,0
36,1,1.00085,1.00096,0,0
18,1,1.00085,1.00106,0,0
----Generation 17--------
6,30,1.00085,1.00114,0,0
18,1,1.00075,1.00106,0,0
18,43,1.00085,1.00106,0,0
6,1,1.00441,1.00098,0,0
36,1,1.0064,1.00096,0,0
----Generation 18--------
6,1,1.00085,1.00096,0,0
36,1,1.00183,1.00096,0,0
18,45,1.00075,1.00114,0,0
28,43,1.00441,1.00098,0,0
36,1,1.00344,1.00106,0,0
----Generation 19--------
18,46,1.00183,1.00114,0,0
18,45,1.00641,1.00114,0,0
15,1,1.00344,1.00096,0,0
28,1,1.00441,1.00832,0,0
28,3,1.00085,1.00096,0,0
----Generation 20--------
11,1,1.00085,1.00096,220,81
29,1,1.00441,1.00114,200,22
28,1,1.00765,1.00096,200,29
29,1,1.00441,1.00096,200,25
15,1,1.00209,1.00096,195,50
----Generation 21--------
29,1,1.00441,1.00439,0,0
29,1,1.00085,1.00674,0,0
15,1,1.0064,1.00096,0,0
15,1,1.00441,1.00114,0,0
15,1,1.00675,1.00096,0,0
----Generation 22--------
29,1,1.00441,1.00064,0,0
26,1,1.00675,1.00674,0,0
1,1,1.0064,1.00439,0,0
15,1,1.00675,1.00807,0,0
4,1,1.00675,1.00096,0,0
----Generation 23--------
4,1,1.0017,1.00064,305,54
4,1,1.00167,1.00096,265,28
4,1,1.00286,1.00064,240,49
4,1,1.0029,1.00096,180,22
4,1,1.00524,1.00096,160,21
----Generation 24--------
4,27,1.00524,1.00064,0,0
4,41,1.0017,1.00064,0,0
4,1,1.00524,1.00641,0,0
1,1,1.0029,1.00064,0,0
4,1,1.00552,1.00064,0,0
----Generation 25--------
4,1,1.00672,1.00064,260,45
4,1,1.00116,1.00641,110,9
4,1,1.00524,1.00089,100,19
4,1,1.0017,1.00763,60,3
18,27,1.00524,1.00064,40,16
----Generation 26--------
4,1,1.001,1.00064,1035,138
4,1,1.00672,1.00061,540,103
4,1,1.00672,1.00064,520,100
4,1,1.00462,1.00064,520,100
4,1,1.00842,1.00064,520,100
----Generation 27--------
4,1,1.00018,1.00064,540,139
4,1,1.001,1.00042,300,59
4,1,1.001,1.00064,220,29
4,1,1.00004,1.00064,210,181
4,1,1.00093,1.00064,185,29
----Generation 28--------
4,1,1.001,1.00042,695,91
6,1,1.001,1.00042,670,111
3,1,1.00018,1.00064,565,147
4,1,1.00093,1.00075,555,45
4,1,1.00029,1.00064,530,141
----Generation 29--------
4,1,1.00051,1.00064,1070,166
4,1,1.0005,1.00075,1040,154
4,1,1.00093,1.00075,1030,101
5,1,1.001,1.00075,920,124
4,1,1.001,1.00042,890,145
----Generation 30--------
35,1,1.0005,1.00075,0,0
4,1,1.00025,1.00064,0,0
4,1,1.00093,1.00719,0,0
20,1,1.00093,1.00075,0,0
4,47,1.00051,1.00064,0,0
----Generation 31--------
4,5,1.0005,1.00075,0,0
35,49,1.00093,1.00075,0,0
4,12,1.00051,1.00075,0,0
4,1,1.00459,1.00064,0,0
31,47,1.00025,1.00064,0,0
----Generation 32--------
2,47,1.00025,1.00064,0,0
50,12,1.0005,1.00075,0,0
35,49,1.00565,1.00075,0,0
4,49,1.00459,1.0034,0,0
31,1,1.00025,1.00687,0,0
----Generation 33--------
31,32,1.00025,1.00064,0,0
35,47,1.00025,1.00203,0,0
4,49,1.00459,1.00365,0,0
4,47,1.00459,1.00189,0,0
31,12,1.0005,1.00757,0,0
----Generation 34--------
31,43,1.00459,1.00064,60,8
4,32,1.00459,1.00146,40,23
4,47,1.00547,1.00203,20,16
4,33,1.00459,1.00365,20,1
31,32,1.00025,1.00276,0,0
----Generation 35--------
39,43,1.00025,1.00276,85,21
22,32,1.00459,1.00146,0,0
22,33,1.00459,1.00365,0,0
31,43,1.00459,1.00565,0,0
4,32,1.00745,1.00365,0,0
----Generation 36--------
39,32,1.00893,1.00276,0,0
22,43,1.00757,1.00276,0,0
31,32,1.00459,1.00497,0,0
31,43,1.00507,1.00276,0,0
4,25,1.00745,1.00365,0,0
----Generation 37--------
31,25,1.00165,1.00365,0,0
24,25,1.00459,1.00497,0,0
31,32,1.0013,1.00276,0,0
22,25,1.00359,1.00365,0,0
43,32,1.00459,1.00497,0,0
----Generation 38--------
22,32,1.00652,1.00365,0,0
7,32,1.00359,1.00497,0,0
24,32,1.00219,1.00497,0,0
31,25,1.00165,1.00637,0,0
24,25,1.00744,1.00497,0,0
----Generation 39--------
24,43,1.00744,1.00497,0,0
7,36,1.00359,1.00497,0,0
49,32,1.00652,1.00497,0,0
7,32,1.00652,1.00272,0,0
7,19,1.00359,1.00497,0,0
----Generation 40--------
7,19,1.00359,1.0049,0,0
7,24,1.00359,1.00497,0,0
24,19,1.00602,1.00497,0,0
24,36,1.00157,1.00497,0,0
37,32,1.00652,1.00497,0,0
----Generation 41--------
24,8,1.00602,1.00497,40,2
37,19,1.00652,1.00158,20,7
7,32,1.00359,1.0049,20,1
33,19,1.00157,1.0049,10,12
7,24,1.00468,1.00497,5,2
----Generation 42--------
7,1,1.00602,1.0049,120,6
7,43,1.00359,1.0049,90,47
33,49,1.00157,1.00497,90,29
24,8,1.00602,1.00497,60,7
24,8,1.0049,1.00497,55,12
----Generation 43--------
33,43,1.00359,1.0049,0,0
24,1,1.00293,1.0049,0,0
7,8,1.00063,1.00497,0,0
34,1,1.0049,1.0049,0,0
24,23,1.00359,1.0049,0,0
----Generation 44--------
33,1,1.00359,1.00861,0,0
25,1,1.0049,1.0049,0,0
33,8,1.00505,1.00497,0,0
34,26,1.00359,1.0049,0,0
14,1,1.0049,1.0049,0,0
----Generation 45--------
14,1,1.00359,1.00612,0,0
33,8,1.00771,1.00497,0,0
33,1,1.00359,1.00151,0,0
14,1,1.00505,1.00054,0,0
26,1,1.00359,1.00861,0,0
----Generation 46--------
14,20,1.00359,1.00054,120,21
26,1,1.00359,1.00661,90,8
26,1,1.00359,1.00616,90,8
14,1,1.00166,1.00612,80,32
26,1,1.00392,1.00861,45,4
----Generation 47--------
2,1,1.00359,1.00054,280,18
8,1,1.00359,1.00054,140,84
14,1,1.00359,1.00249,45,10
26,1,1.00146,1.00616,35,11
26,20,1.00119,1.00054,20,16
----Generation 48--------
8,48,1.00359,1.00054,0,0
8,8,1.00359,1.00054,0,0
14,20,1.00119,1.0082,0,0
10,1,1.00359,1.00054,0,0
26,20,1.00475,1.00616,0,0
----Generation 49--------
8,1,1.00359,1.00095,220,26
26,20,1.00548,1.00054,20,1
26,20,1.00288,1.00054,20,1
26,20,1.00287,1.00054,20,1
10,20,1.00359,1.00304,0,0
----Generation 50--------
26,22,1.00287,1.00054,0,0
26,20,1.00138,1.00054,0,0
10,40,1.00287,1.00054,0,0
8,1,1.00632,1.00054,0,0
10,20,1.00359,1.004,0,0
----Generation 51--------
26,20,1.00359,1.00205,0,0
13,20,1.00138,1.00054,0,0
8,20,1.00632,1.00284,0,0
26,20,1.00086,1.00054,0,0
26,19,1.00287,1.00054,0,0
----Generation 52--------
11,20,1.00632,1.00284,20,1
26,20,1.00359,1.00205,0,0
26,19,1.00359,1.00854,0,0
26,20,1.00359,1.00271,0,0
26,20,1.00632,1.00284,0,0
----Generation 53--------
26,12,1.00632,1.00284,40,4
26,20,1.00632,1.00107,40,8
26,20,1.00359,1.00254,0,0
26,26,1.00359,1.00284,0,0
26,20,1.00632,1.00205,0,0
----Generation 54--------
26,27,1.00359,1.00254,0,0
43,12,1.00359,1.00284,0,0
31,20,1.00359,1.00205,0,0
26,20,1.00036,1.00284,0,0
26,20,1.00359,1.00254,0,0
----Generation 55--------
26,27,1.00013,1.00254,30,5
26,20,1.00365,1.00284,0,0
43,12,1.00609,1.00205,0,0
31,13,1.00359,1.00254,0,0
26,12,1.00494,1.00254,0,0
----Generation 56--------
31,8,1.00359,1.00205,80,4
26,12,1.00365,1.00082,60,23
43,20,1.00365,1.00199,40,2
31,13,1.00609,1.00187,40,4
26,12,1.00242,1.00205,40,2
----Generation 57--------
31,8,1.00189,1.00205,0,0
19,13,1.00609,1.00205,0,0
44,8,1.00365,1.00082,0,0
43,8,1.00365,1.00309,0,0
31,25,1.00609,1.00187,0,0
----Generation 58--------
31,24,1.00609,1.00082,60,3
44,8,1.00365,1.0012,40,7
44,8,1.00261,1.00205,35,7
31,8,1.00189,1.00205,30,8
31,8,1.00189,1.00291,30,6
----Generation 59--------
31,25,1.00189,1.00205,135,19
44,8,1.00365,1.00646,130,95
44,8,1.00365,1.00574,50,107
12,8,1.00261,1.00205,35,9
44,8,1.00261,1.00754,30,103
----Generation 60--------
2,25,1.00365,1.00646,170,26
3,25,1.00365,1.00646,150,25
12,26,1.00189,1.00205,100,27
12,47,1.00261,1.00754,90,29
6,25,1.00365,1.00646,85,20
----Generation 61--------
12,34,1.00189,1.00754,0,0
12,44,1.00261,1.00646,0,0
3,25,1.00365,1.00193,0,0
2,25,1.00365,1.00533,0,0
2,25,1.00365,1.00622,0,0
----Generation 62--------
12,34,1.00368,1.00193,0,0
2,25,1.00365,1.00767,0,0
2,25,1.00303,1.00533,0,0
12,44,1.00189,1.00404,0,0
2,34,1.00365,1.00279,0,0
----Generation 63--------
12,44,1.00365,1.00511,0,0
12,47,1.00368,1.00193,0,0
12,26,1.00368,1.00193,0,0
12,40,1.00365,1.00193,0,0
13,25,1.00365,1.00404,0,0
----Generation 64--------
12,45,1.00365,1.00511,25,3
12,45,1.00368,1.00511,25,3
12,47,1.00368,1.00777,5,2
12,44,1.00368,1.0035,5,11
12,47,1.00368,1.00704,5,2
----Generation 65--------
12,37,1.00365,1.0035,40,2
12,38,1.00368,1.00777,20,1
12,2,1.00365,1.00511,20,1
12,2,1.00365,1.00511,20,1
15,45,1.00368,1.00511,5,2
----Generation 66--------
12,40,1.00365,1.00511,0,0
37,45,1.00365,1.00511,0,0
27,45,1.00365,1.00511,0,0
15,37,1.00365,1.00337,0,0
12,36,1.00365,1.00511,0,0
----Generation 67--------
12,25,1.00365,1.00337,0,0
20,45,1.00365,1.00511,0,0
15,37,1.00184,1.00337,0,0
12,21,1.00365,1.00511,0,0
12,30,1.00365,1.00511,0,0
----Generation 68--------
12,45,1.00365,1.00337,100,8
20,37,1.00184,1.00116,70,20
12,45,1.00365,1.00153,40,23
12,45,1.00184,1.00337,25,20
15,39,1.00365,1.00337,20,3
----Generation 69--------
12,1,1.00184,1.00153,150,218
15,39,1.00365,1.00625,150,43
12,1,1.00184,1.00116,110,240
15,28,1.00184,1.00337,65,60
12,37,1.00365,1.005,55,65
----Generation 70--------
12,1,1.00184,1.00211,205,26
7,1,1.00184,1.00116,200,27
12,1,1.00184,1.00153,165,28
12,1,1.00184,1.00153,165,28
6,1,1.00184,1.00625,150,11
----Generation 71--------
7,1,1.00184,1.00116,965,153
6,1,1.00184,1.00153,955,118
7,1,1.00334,1.00116,910,131
7,1,1.00166,1.00153,865,134
12,1,1.00184,1.00152,805,141
----Generation 72--------
7,1,1.00131,1.00116,905,113
8,1,1.00166,1.00116,835,109
7,1,1.00184,1.00116,715,86
12,1,1.00184,1.00093,665,144
7,1,1.00166,1.002,645,58
----Generation 73--------
7,1,1.00131,1.00116,860,104
13,1,1.00131,1.00116,805,162
8,1,1.00166,1.00116,790,100
7,1,1.00203,1.00116,690,78
14,1,1.00166,1.00116,665,142
----Generation 74--------
6,1,1.00166,1.00116,1200,189
8,1,1.00166,1.0024,870,167
7,1,1.00131,1.00116,855,244
7,1,1.00152,1.00116,850,221
8,1,1.00131,1.00221,850,200
----Generation 75--------
7,1,1.00692,1.00116,0,0
46,1,1.00131,1.00221,0,0
8,39,1.00131,1.00221,0,0
7,1,1.00152,1.00808,0,0
7,16,1.00166,1.00116,0,0
----Generation 76--------
7,1,1.00131,1.00811,105,7
6,1,1.00131,1.00221,85,6
8,1,1.00152,1.00221,85,6
7,1,1.00144,1.00808,85,6
8,1,1.00152,1.0089,85,6
----Generation 77--------
8,5,1.00152,1.0089,0,0
24,1,1.00144,1.00808,0,0
35,1,1.00131,1.00221,0,0
7,25,1.00131,1.00811,0,0
43,1,1.00144,1.00221,0,0
----Generation 78--------
7,1,1.00144,1.00039,530,129
7,1,1.00131,1.00051,510,124
13,1,1.00144,1.00221,360,77
7,1,1.00144,1.00492,210,35
7,1,1.00131,1.00628,210,42
----Generation 79--------
7,1,1.00144,1.00674,0,0
7,1,1.00042,1.00492,0,0
7,1,1.0067,1.00628,0,0
7,41,1.00144,1.00039,0,0
7,23,1.00131,1.00492,0,0
----Generation 80--------
3,1,1.00042,1.00492,875,121
7,1,1.00144,1.00071,560,159
7,1,1.00112,1.00039,455,225
7,1,1.00075,1.00628,360,111
11,1,1.00131,1.00492,315,71
----Generation 81--------
3,1,1.00075,1.00492,0,0
14,1,1.00131,1.00492,0,0
7,1,1.0034,1.00628,0,0
7,1,1.00394,1.00039,0,0
11,1,1.00004,1.00492,0,0
----Generation 82--------
23,1,1.00394,1.00039,0,0
7,1,1.00239,1.00039,0,0
9,1,1.00075,1.00628,0,0
3,38,1.00131,1.00492,0,0
7,1,1.00272,1.00039,0,0
----Generation 83--------
3,1,1.00131,1.00073,405,27
7,1,1.00272,1.00113,280,32
3,1,1.00764,1.00039,240,69
9,1,1.00121,1.00628,170,26
18,1,1.00131,1.00628,115,25
----Generation 84--------
9,1,1.00272,1.00723,0,0
7,20,1.00272,1.00113,0,0
18,1,1.00121,1.00039,0,0
9,1,1.00131,1.00664,0,0
3,1,1.00764,1.00319,0,0
----Generation 85--------
9,1,1.00402,1.00664,0,0
18,7,1.00121,1.00319,0,0
9,39,1.00121,1.00039,0,0
7,1,1.00341,1.00113,0,0
18,1,1.00272,1.00288,0,0
----Generation 86--------
7,1,1.00121,1.00249,1090,179
7,1,1.00121,1.00343,950,162
9,1,1.00121,1.00347,785,182
5,1,1.00341,1.00113,765,110
5,1,1.00402,1.00113,745,109
----Generation 87--------
5,1,1.00152,1.00113,0,0
9,1,1.00121,1.00534,0,0
9,17,1.00121,1.00347,0,0
5,31,1.00121,1.00343,0,0
41,1,1.00121,1.00347,0,0
----Generation 88--------
5,31,1.00566,1.00347,0,0
9,30,1.00152,1.00347,0,0
41,17,1.00121,1.00343,0,0
5,31,1.00016,1.00343,0,0
5,1,1.00121,1.001,0,0
----Generation 89--------
5,1,1.00599,1.001,220,37
5,1,1.00121,1.00347,155,13
9,1,1.00152,1.00347,70,16
41,8,1.00121,1.00343,60,6
37,1,1.00121,1.00347,50,17
----Generation 90--------
5,1,1.00413,1.001,0,0
41,32,1.00121,1.00343,0,0
5,50,1.00121,1.001,0,0
37,40,1.00121,1.00347,0,0
33,1,1.00121,1.00347,0,0
----Generation 91--------
5,1,1.0012,1.001,400,44
7,1,1.00121,1.00347,210,42
5,1,1.00283,1.001,160,18
11,1,1.00121,1.001,145,86
5,1,1.00413,1.001,140,17
----Generation 92--------
5,1,1.0006,1.001,440,51
5,1,1.00044,1.001,430,63
5,1,1.00019,1.001,255,128
5,1,1.00283,1.00057,240,43
5,1,1.0012,1.001,210,20
----Generation 93--------
5,1,1.00239,1.001,0,0
5,31,1.00283,1.00057,0,0
5,1,1.00283,1.00398,0,0
5,1,1.0012,1.00804,0,0
5,1,1.00589,1.001,0,0
----Generation 94--------
5,1,1.0012,1.0072,500,39
5,1,1.0012,1.00497,500,39
5,1,1.0012,1.00543,500,39
5,1,1.00174,1.001,345,59
5,1,1.00161,1.00804,270,17
----Generation 95--------
5,1,1.00639,1.00804,0,0
9,1,1.0012,1.00543,0,0
2,1,1.00161,1.00497,0,0
5,38,1.00161,1.00804,0,0
5,1,1.00744,1.001,0,0
----Generation 96--------
2,31,1.00161,1.001,0,0
5,38,1.00639,1.0075,0,0
5,38,1.00298,1.00804,0,0
9,1,1.00727,1.00804,0,0
5,1,1.00161,1.00012,0,0
----Generation 97--------
2,38,1.00639,1.001,0,0
5,1,1.00161,1.00562,0,0
4,1,1.00727,1.001,0,0
9,1,1.00161,1.00634,0,0
9,1,1.00161,1.001,0,0
----Generation 98--------
4,1,1.00091,1.00562,90,8
9,1,1.00161,1.00297,65,5
10,1,1.00161,1.00634,65,5
9,1,1.00161,1.00205,65,5
9,1,1.00161,1.00633,65,5
----Generation 99--------
4,1,1.00256,1.00562,0,0
4,10,1.00161,1.00634,0,0
9,1,1.00593,1.00205,0,0
9,16,1.00161,1.00297,0,0
9,19,1.00161,1.00633,0,0
----Generation 100--------
9,1,1.00161,1.0086,500,60
9,1,1.00256,1.00805,335,22
4,1,1.00161,1.00634,330,20
9,1,1.00593,1.00183,300,37
31,1,1.00161,1.00297,295,138
----Generation 101--------
4,1,1.00063,1.00297,505,70
4,1,1.0008,1.00634,465,46
4,1,1.00593,1.00045,400,66
9,1,1.00161,1.00112,390,58
9,1,1.00161,1.00084,390,78
----Generation 102--------
4,1,1.0008,1.00361,0,0
4,1,1.00735,1.00634,0,0
43,1,1.00593,1.00045,0,0
9,1,1.00771,1.00112,0,0
4,1,1.0008,1.00781,0,0
----Generation 103--------
4,1,1.0008,1.00028,1070,159
4,1,1.0008,1.00105,990,90
4,1,1.0008,1.00074,890,105
6,1,1.0008,1.00781,850,75
4,1,1.0008,1.00348,810,58
----Generation 104--------
21,1,1.0008,1.00074,0,0
4,41,1.0008,1.00348,0,0
1,1,1.0008,1.00028,0,0
4,49,1.0008,1.00105,0,0
4,45,1.0008,1.00348,0,0
----Generation 105--------
15,45,1.0008,1.00348,0,0
4,49,1.00822,1.00348,0,0
4,45,1.00531,1.00028,0,0
47,41,1.0008,1.00028,0,0
21,27,1.0008,1.00348,0,0
----Generation 106--------
21,27,1.00101,1.00348,60,17
15,37,1.0008,1.00348,50,35
4,36,1.00822,1.00348,20,3
21,2,1.00822,1.00348,20,9
15,32,1.00822,1.00348,20,1
----Generation 107--------
15,2,1.0008,1.006,245,176
3,2,1.0008,1.00348,215,16
21,2,1.00329,1.00348,185,41
15,2,1.0008,1.00249,165,192
15,10,1.0008,1.00348,150,74
----Generation 108--------
21,2,1.00176,1.00348,0,0
35,2,1.00329,1.00348,0,0
15,41,1.0008,1.00249,0,0
21,40,1.00329,1.006,0,0
3,10,1.0008,1.00348,0,0
----Generation 109--------
3,10,1.00177,1.00348,260,27
3,15,1.00329,1.00348,100,12
3,14,1.00329,1.00348,80,11
21,40,1.00301,1.00249,55,15
21,41,1.00329,1.00249,50,13
----Generation 110--------
3,1,1.00177,1.00348,60,3
43,15,1.00329,1.00348,45,18
27,41,1.00329,1.00249,40,6
20,10,1.00177,1.00249,35,14
21,6,1.00301,1.00348,25,10
----Generation 111--------
13,1,1.00177,1.00348,135,18
19,1,1.00177,1.00348,105,19
40,1,1.00329,1.00348,100,5
21,1,1.00177,1.00289,80,23
48,6,1.00177,1.00348,70,15
----Generation 112--------
40,11,1.00177,1.00348,0,0
43,1,1.00329,1.00348,0,0
45,1,1.00177,1.00348,0,0
48,1,1.00177,1.00146,0,0
40,1,1.00533,1.00348,0,0
----Generation 113--------
4,1,1.00177,1.00146,140,11
43,1,1.00329,1.00796,90,8
45,1,1.00329,1.00658,90,8
40,1,1.00329,1.00558,70,7
43,1,1.00329,1.00348,50,16
----Generation 114--------
4,1,1.00033,1.00146,235,84
4,1,1.00177,1.00114,140,15
4,1,1.00111,1.00146,115,17
35,1,1.00329,1.00348,105,7
45,1,1.00177,1.00464,100,14
----Generation 115--------
45,9,1.00177,1.00464,0,0
32,1,1.00177,1.00348,0,0
27,1,1.00329,1.00348,0,0
4,1,1.00111,1.00221,0,0
33,1,1.00177,1.00114,0,0
----Generation 116--------
45,23,1.00177,1.00464,0,0
4,1,1.00329,1.00632,0,0
41,1,1.00177,1.00464,0,0
45,32,1.00329,1.00348,0,0
45,31,1.00111,1.00464,0,0
----Generation 117--------
12,1,1.00177,1.00464,0,0
45,31,1.00105,1.00348,0,0
45,20,1.00177,1.00464,0,0
45,32,1.00329,1.00188,0,0
45,1,1.00329,1.00396,0,0
----Generation 118--------
12,1,1.00177,1.0024,0,0
45,32,1.00329,1.00087,0,0
45,32,1.00285,1.00188,0,0
45,25,1.00329,1.00464,0,0
26,1,1.00329,1.00464,0,0
----Generation 119--------
25,1,1.00177,1.0024,200,31
13,1,1.00177,1.0024,185,20
12,1,1.00177,1.0024,180,18
11,1,1.00177,1.00464,155,13
45,1,1.00177,1.00158,135,53
----Generation 120--------
12,1,1.00128,1.0024,210,70
11,1,1.00177,1.0024,175,49
11,1,1.00184,1.0024,175,49
13,1,1.00177,1.0024,160,57
5,1,1.00177,1.0024,160,19
----Generation 121--------
6,1,1.00128,1.0024,210,30
5,1,1.00177,1.0024,200,14
30,1,1.00177,1.0024,175,37
5,1,1.00191,1.0024,160,12
46,1,1.00177,1.0024,160,29
----Generation 122--------
5,36,1.00177,1.0024,0,0
30,1,1.00219,1.0024,0,0
6,1,1.00191,1.0041,0,0
46,1,1.00177,1.00761,0,0
30,1,1.00191,1.00561,0,0
----Generation 123--------
5,1,1.00219,1.00069,705,84
6,1,1.00177,1.0006,635,117
5,1,1.00125,1.0024,560,51
6,1,1.00114,1.0024,540,68
6,1,1.00176,1.0024,435,39
----Generation 124--------
20,1,1.00114,1.0006,0,0
5,1,1.00222,1.00069,0,0
5,1,1.00219,1.00654,0,0
6,19,1.00176,1.0024,0,0
3,1,1.00176,1.0024,0,0
----Generation 125--------
5,1,1.00151,1.00069,275,53
5,1,1.00183,1.0006,245,57
5,1,1.00222,1.00069,240,46
6,1,1.00114,1.00176,230,39
20,1,1.00114,1.00386,195,32
----Generation 126--------
5,1,1.00069,1.00069,845,93
3,1,1.00114,1.00069,580,35
5,1,1.00025,1.00069,560,163
5,1,1.00151,1.00069,445,52
6,1,1.00092,1.00176,435,51
----Generation 127--------
5,1,1.00025,1.0071,0,0
6,1,1.00025,1.00419,0,0
23,1,1.00114,1.00069,0,0
5,9,1.00025,1.00069,0,0
5,1,1.00114,1.00175,0,0
----Generation 128--------
5,1,1.00092,1.00069,2065,310
5,1,1.00114,1.00109,1875,226
5,1,1.00114,1.00021,1855,349
5,1,1.00025,1.00347,1380,279
5,1,1.00025,1.00365,1380,279
----Generation 129--------
5,1,1.00092,1.00022,340,111
5,1,1.00092,1.00069,320,33
5,1,1.00071,1.00069,300,48
7,1,1.00092,1.00069,255,50
5,1,1.00866,1.00069,240,28
----Generation 130--------
5,1,1.00092,1.00069,1465,153
5,1,1.00092,1.00069,1465,153
5,1,1.0005,1.00069,1325,216
5,1,1.00092,1.00103,1165,110
5,1,1.00092,1.00022,1105,228
----Generation 131--------
5,1,1.00092,1.00069,725,96
5,1,1.00092,1.00069,725,96
5,1,1.00092,1.00113,605,64
5,1,1.00092,1.00039,585,139
5,1,1.00092,1.0012,565,62
----Generation 132--------
5,1,1.00092,1.00069,690,66
5,1,1.00092,1.00069,690,66
5,1,1.0011,1.00069,670,58
5,1,1.00053,1.00069,610,123
5,1,1.00092,1.0012,610,49
----Generation 133--------
5,1,1.00092,1.00157,1470,142
5,1,1.00092,1.00154,1470,142
5,1,1.00092,1.00069,1410,261
5,1,1.00092,1.00069,1410,261
5,1,1.00092,1.00069,1410,261
----Generation 134--------
26,1,1.00092,1.00157,0,0
5,20,1.00092,1.00154,0,0
5,1,1.00555,1.00069,0,0
37,1,1.00092,1.00069,0,0
5,1,1.00092,1.00121,0,0
----Generation 135--------
37,1,1.00092,1.0055,0,0
5,1,1.00461,1.00069,0,0
5,44,1.00092,1.00157,0,0
22,20,1.00092,1.00157,0,0
5,1,1.00048,1.00069,0,0
----Generation 136--------
22,20,1.00092,1.00554,0,0
37,1,1.00199,1.0055,0,0
5,1,1.00394,1.0055,0,0
37,44,1.00668,1.0055,0,0
5,44,1.00268,1.00157,0,0
----Generation 137--------
37,1,1.00394,1.00123,245,65
19,1,1.00394,1.00157,105,64
21,1,1.00668,1.0055,100,11
5,1,1.00199,1.00363,100,5
45,1,1.00199,1.0055,85,44
----Generation 138--------
5,1,1.00199,1.00093,100,15
3,1,1.00394,1.00123,60,3
13,1,1.00199,1.00363,40,4
19,1,1.00199,1.00285,40,4
8,1,1.00199,1.0055,40,2
----Generation 139--------
5,1,1.00394,1.00669,0,0
19,1,1.00199,1.00697,0,0
8,26,1.00199,1.00123,0,0
13,1,1.00199,1.00023,0,0
13,1,1.00199,1.00439,0,0
----Generation 140--------
5,1,1.00057,1.00669,410,102
5,1,1.00157,1.00669,265,15
13,1,1.00199,1.00229,245,48
6,1,1.00199,1.00439,240,12
11,1,1.00199,1.00439,225,34
----Generation 141--------
13,1,1.00777,1.00669,0,0
13,1,1.00199,1.00538,0,0
11,1,1.0056,1.00439,0,0
6,34,1.00157,1.00669,0,0
4,1,1.00199,1.00439,0,0
----Generation 142--------
13,1,1.0056,1.00167,100,23
6,1,1.00157,1.00726,95,10
6,1,1.00157,1.00822,95,10
11,1,1.00199,1.00315,90,10
11,1,1.0056,1.00319,80,6
----Generation 143--------
6,1,1.00129,1.00726,0,0
40,1,1.0056,1.00822,0,0
13,1,1.00355,1.00167,0,0
41,1,1.00199,1.00315,0,0
11,1,1.00701,1.00167,0,0
----Generation 144--------
13,23,1.0056,1.00167,0,0
43,1,1.00199,1.00315,0,0
41,1,1.00485,1.00315,0,0
44,1,1.00701,1.00167,0,0
11,1,1.00355,1.00328,0,0
----Generation 145--------
13,23,1.00518,1.00167,0,0
11,23,1.00634,1.00167,0,0
41,1,1.00341,1.00167,0,0
40,1,1.00485,1.00315,0,0
44,23,1.00701,1.00117,0,0
----Generation 146--------
11,15,1.00341,1.00167,40,2
11,1,1.00485,1.00167,25,37
11,1,1.0087,1.00167,20,35
13,33,1.00485,1.00167,20,7
44,23,1.00341,1.00476,20,1
----Generation 147--------
46,1,1.00485,1.00167,55,16
44,15,1.00485,1.00167,40,3
11,1,1.00341,1.00535,30,5
11,1,1.00341,1.0031,10,8
44,1,1.0035,1.00167,5,17
----Generation 148--------
9,1,1.00341,1.00167,240,17
9,1,1.00341,1.00167,240,17
11,1,1.00208,1.00167,210,25
11,1,1.00485,1.00142,200,27
13,1,1.00341,1.00167,180,20
----Generation 149--------
11,41,1.00341,1.00167,0,0
34,1,1.00341,1.00142,0,0
19,1,1.00485,1.00142,0,0
9,1,1.00341,1.00723,0,0
9,1,1.00341,1.00566,0,0
----Generation 150--------
9,1,1.00112,1.00142,550,57
9,1,1.00086,1.00142,545,72
9,1,1.00122,1.00167,505,47
9,1,1.0054400000000001,1.00142,220,30
9,1,1.00507,1.00167,160,21
----Generation 151--------
27,1,1.00507,1.00167,0,0
9,29,1.00112,1.00142,0,0
9,1,1.00417,1.00142,0,0
9,17,1.00086,1.00142,0,0
9,1,1.00122,1.00247,0,0
----Generation 152--------
9,17,1.00086,1.00769,0,0
9,1,1.00122,1.00006,0,0
9,33,1.00112,1.00142,0,0
9,1,1.00783,1.00167,0,0
9,17,1.00122,1.00758,0,0
----Generation 153--------
9,33,1.00712,1.00167,0,0
13,1,1.00783,1.00758,0,0
38,17,1.00086,1.00769,0,0
9,17,1.00783,1.00203,0,0
25,1,1.00783,1.00006,0,0
----Generation 154--------
9,1,1.00783,1.00112,200,27
9,1,1.00783,1.00109,180,30
25,1,1.00783,1.00239,80,8
38,1,1.00198,1.00769,55,9
9,17,1.00555,1.00167,40,2
----Generation 155--------
9,1,1.00201,1.00239,105,11
9,1,1.00198,1.00392,90,8
7,1,1.00198,1.00769,80,4
34,1,1.00198,1.00769,40,2
9,12,1.00783,1.00109,40,2
----Generation 156--------
9,1,1.00198,1.00392,245,14
9,1,1.00201,1.00392,225,13
9,1,1.00201,1.00402,225,13
9,1,1.00176,1.00239,225,21
9,1,1.00198,1.00557,185,11
----Generation 157--------
9,1,1.00201,1.00035,0,0
9,1,1.00176,1.00661,0,0
9,30,1.00201,1.00392,0,0
9,1,1.00201,1.00884,0,0
9,1,1.00611,1.00557,0,0
----Generation 158--------
9,30,1.00201,1.00135,0,0
9,31,1.00201,1.00557,0,0
9,1,1.00611,1.00403,0,0
48,1,1.00611,1.00557,0,0
9,29,1.00201,1.00035,0,0
----Generation 159--------
9,30,1.00045,1.00135,0,0
9,30,1.00201,1.0028,0,0
9,48,1.00201,1.00557,0,0
43,31,1.00201,1.00403,0,0
9,23,1.00611,1.00557,0,0
----Generation 160--------
9,30,1.00201,1.0064,15,6
9,30,1.00201,1.00322,15,6
9,31,1.00201,1.00623,15,6
9,30,1.00201,1.00386,15,6
9,30,1.00201,1.0028,15,6
----Generation 161--------
9,30,1.001,1.00623,0,0
1,31,1.00201,1.00623,0,0
9,30,1.00612,1.00623,0,0
9,31,1.00131,1.0028,0,0
9,30,1.00201,1.00673,0,0
----Generation 162--------
1,31,1.0035,1.0028,0,0
9,30,1.00198,1.00623,0,0
47,31,1.00201,1.00623,0,0
9,49,1.00131,1.00673,0,0
1,26,1.00201,1.00673,0,0
----Generation 163--------
9,31,1.00679,1.00623,0,0
1,26,1.0035,1.00833,0,0
19,49,1.00198,1.00623,0,0
1,26,1.0001,1.0028,0,0
9,49,1.00019,1.00623,0,0
----Generation 164--------
32,26,1.0001,1.00623,5,55
9,26,1.00475,1.00623,0,0
9,42,1.0035,1.00623,0,0
42,49,1.00198,1.00623,0,0
9,31,1.00344,1.00623,0,0
----Generation 165--------
42,49,1.00054,1.00623,20,2
16,26,1.00475,1.00623,0,0
42,42,1.00746,1.00623,0,0
9,40,1.00475,1.00623,0,0
44,49,1.00198,1.00623,0,0
----Generation 166--------
42,49,1.00097,1.00623,0,0
9,40,1.00475,1.00725,0,0
9,40,1.00054,1.00027,0,0
44,49,1.00222,1.00623,0,0
9,30,1.00054,1.00623,0,0
----Generation 167--------
42,49,1.00874,1.00623,0,0
9,49,1.00054,1.00159,0,0
9,40,1.00109,1.00725,0,0
9,30,1.00222,1.00486,0,0
44,30,1.00054,1.00029,0,0
----Generation 168--------
9,2,1.00222,1.00486,535,43
44,36,1.00054,1.00159,95,46
44,30,1.00222,1.00402,65,33
9,2,1.00874,1.00725,40,2
31,30,1.00054,1.00486,35,7
----Generation 169--------
38,2,1.00874,1.00725,20,1
41,30,1.00222,1.00402,0,0
44,30,1.00644,1.00402,0,0
9,34,1.00874,1.00486,0,0
9,30,1.00874,1.00663,0,0
----Generation 170--------
9,2,1.00139,1.00725,130,38
41,30,1.00644,1.00114,60,6
9,2,1.00356,1.00725,40,2
44,30,1.00165,1.00402,20,1
41,11,1.00644,1.00402,20,1
----Generation 171--------
41,30,1.00035,1.00114,0,0
41,11,1.00165,1.00591,0,0
9,11,1.00644,1.00832,0,0
22,2,1.00139,1.00402,0,0
41,11,1.00644,1.0065,0,0
----Generation 172--------
41,11,1.00165,1.00221,0,0
28,11,1.00165,1.00591,0,0
38,30,1.00035,1.00114,0,0
41,11,1.00165,1.00104,0,0
9,11,1.00314,1.00591,0,0
----Generation 173--------
41,11,1.00165,1.00137,0,0
14,11,1.00165,1.00104,0,0
9,40,1.00165,1.00591,0,0
41,21,1.00165,1.00221,0,0
28,11,1.00191,1.00104,0,0
----Generation 174--------
41,11,1.00165,1.00501,0,0
28,11,1.00191,1.00512,0,0
14,46,1.00165,1.00104,0,0
46,11,1.00165,1.00221,0,0
41,31,1.00165,1.00137,0,0
----Generation 175--------
8,11,1.00191,1.00512,0,0
14,29,1.00165,1.00512,0,0
18,11,1.00165,1.00221,0,0
14,39,1.00165,1.00221,0,0
9,11,1.00165,1.00104,0,0
----Generation 176--------
14,29,1.00165,1.00747,0,0
18,11,1.00188,1.00221,0,0
14,39,1.00617,1.00512,0,0
18,26,1.00191,1.00512,0,0
37,11,1.00165,1.00104,0,0
----Generation 177--------
11,39,1.00165,1.00747,75,25
45,11,1.00165,1.00512,30,8
16,29,1.00165,1.00221,25,3
18,35,1.00188,1.00512,25,3
18,40,1.00191,1.00512,25,10
----Generation 178--------
18,21,1.00188,1.00512,0,0
16,29,1.00165,1.00805,0,0
18,40,1.00191,1.0036,0,0
11,39,1.00081,1.00747,0,0
18,24,1.00191,1.00747,0,0
----Generation 179--------
18,39,1.00188,1.00477,0,0
18,28,1.00165,1.00805,0,0
16,29,1.00165,1.00245,0,0
18,21,1.00165,1.00415,0,0
18,20,1.00188,1.00747,0,0
----Generation 180--------
18,41,1.00165,1.00245,0,0
18,39,1.00165,1.00703,0,0
18,28,1.00188,1.00747,0,0
18,39,1.00188,1.00749,0,0
16,34,1.00165,1.00415,0,0
----Generation 181--------
38,39,1.00165,1.00703,0,0
18,41,1.00165,1.0002,0,0
18,15,1.00165,1.00747,0,0
16,41,1.00165,1.00204,0,0
18,28,1.00165,1.00393,0,0
----Generation 182--------
18,3,1.00165,1.00204,110,71
18,41,1.00139,1.00393,85,6
16,50,1.00165,1.00747,55,8
18,39,1.00165,1.00852,45,4
18,41,1.00165,1.00718,45,4
----Generation 183--------
16,39,1.00434,1.00747,0,0
18,50,1.00574,1.00393,0,0
18,50,1.00165,1.00294,0,0
15,3,1.00165,1.00393,0,0
18,31,1.00165,1.00718,0,0
----Generation 184--------
16,39,1.00434,1.00158,120,21
18,39,1.00165,1.00184,100,19
18,41,1.00165,1.00294,70,15
3,50,1.00434,1.00393,60,8
18,46,1.00165,1.00294,60,16
----Generation 185--------
18,46,1.00434,1.00248,0,0
18,48,1.00165,1.00184,0,0
18,46,1.00792,1.00294,0,0
12,50,1.00165,1.00294,0,0
38,39,1.00165,1.00393,0,0
----Generation 186--------
12,34,1.00165,1.00184,75,12
5,46,1.00434,1.00294,70,7
5,46,1.00792,1.00294,60,3
13,48,1.00792,1.00184,60,7
9,50,1.00165,1.00393,60,11
----Generation 187--------
13,46,1.00205,1.00184,0,0
49,46,1.00434,1.00294,0,0
5,46,1.00792,1.00148,0,0
13,9,1.00434,1.00184,0,0
5,38,1.00434,1.00294,0,0
----Generation 188--------
49,38,1.00434,1,260,50
13,1,1.00434,1.00184,220,60
13,9,1.00095,1.00184,165,54
13,9,1.00107,1.00148,155,47
13,9,1.0025,1.00184,95,12
----Generation 189--------
13,9,1.00362,1.00184,0,0
13,38,1.00202,1.00148,0,0
29,38,1.0025,1.00184,0,0
13,38,1.00434,1.00438,0,0
49,38,1.00107,1.00501,0,0
----Generation 190--------
43,38,1.00434,1.00438,0,0
13,38,1.00434,1.00438,0,0
13,26,1.0025,1.00184,0,0
29,38,1.00107,1.00256,0,0
13,5,1.00434,1.00148,0,0
----Generation 191--------
13,5,1.00107,1.00256,140,23
13,5,1.00107,1.003,140,23
41,26,1.00107,1.00256,65,5
32,5,1.00434,1.00148,60,5
13,5,1.00139,1.00184,55,8
----Generation 192--------
13,1,1.00107,1.00256,155,92
32,1,1.00107,1.00148,130,146
13,2,1.00434,1.00256,40,18
32,47,1.00434,1.00184,0,0
32,26,1.00107,1.00662,0,0
----Generation 193--------
5,1,1.00107,1.00256,430,64
3,1,1.00107,1.00148,380,23
6,1,1.00434,1.00256,100,13
13,1,1.00723,1.00662,40,2
13,47,1.00776,1.00256,40,11
----Generation 194--------
3,1,1.00103,1.00148,590,40
3,1,1.00107,1.00148,540,34
3,1,1.00107,1.00204,480,31
3,1,1.00107,1.00723,460,30
3,1,1.00107,1.00671,460,30
----Generation 195--------
3,1,1.00107,1.00059,765,76
3,1,1.00022,1.00204,570,167
3,1,1.00107,1.00105,345,33
3,1,1.00107,1.00138,305,23
3,1,1.00103,1.00148,265,21
----Generation 196--------
3,1,1.00107,1.00042,1220,115
3,1,1.00107,1.00059,1140,65
3,1,1.00107,1.00019,1140,178
5,1,1.00107,1.00059,1035,130
3,1,1.00022,1.00204,975,179
----Generation 197--------
4,1,1.00107,1.00204,0,0
3,1,1.00107,1.00206,0,0
3,1,1.00428,1.00204,0,0
40,1,1.00022,1.00059,0,0
34,1,1.00107,1.00059,0,0
----Generation 198--------
3,1,1.00142,1.00204,0,0
3,1,1.00119,1.00204,0,0
40,1,1.00474,1.00206,0,0
3,1,1.00031,1.00204,0,0
34,1,1.00518,1.00059,0,0
----Generation 199--------
23,1,1.00518,1.00059,0,0
33,1,1.00119,1.00059,0,0
40,48,1.00474,1.00059,0,0
3,1,1.00119,1.0076,0,0
3,3,1.00119,1.00204,0,0
----Generation 200--------
2,1,1.00474,1.00059,600,40
3,1,1.00119,1.00077,500,49
3,1,1.00629,1.00059,460,64
3,1,1.00665,1.00059,460,64
3,1,1.00518,1.00059,460,64
----Generation 201--------
2,1,1.00629,1.00265,0,0
2,1,1.00629,1.00867,0,0
43,1,1.00518,1.00059,0,0
3,4,1.00629,1.00059,0,0
33,1,1.00665,1.00059,0,0
----Generation 202--------
2,1,1.00042,1.00059,820,43
3,1,1.00629,1.00059,540,39
3,1,1.00288,1.00059,540,39
2,1,1.00629,1.00017,460,136
2,1,1.00629,1.00059,180,11
----Generation 203--------
2,1,1.00042,1.00036,1010,76
2,1,1.00042,1.0005,870,59
2,1,1.00042,1.00059,710,49
2,1,1.00805,1.00017,680,102
2,1,1.00258,1.00017,680,102
----Generation 204--------
3,1,1.00042,1.0005,1030,80
2,1,1.00042,1.00023,960,84
2,1,1.00042,1.00036,940,48
2,1,1.00042,1.00017,880,116
2,1,1.00012,1.00017,810,184
----Generation 205--------
2,1,1.00042,1.00023,945,107
3,1,1.00042,1.0005,905,93
3,1,1.00042,1.00036,900,120
3,1,1.0007,1.0005,805,58
3,1,1.00032,1.0005,800,115
----Generation 206--------
3,50,1.00032,1.0005,0,0
2,1,1.00042,1.00051,0,0
3,1,1.00042,1.0076,0,0
3,20,1.00042,1.0005,0,0
3,15,1.0007,1.0005,0,0
----Generation 207--------
3,42,1.0007,1.0005,0,0
3,1,1.00042,1.0047,0,0
3,20,1.00042,1.00316,0,0
2,1,1.00042,1.00232,0,0
3,36,1.0007,1.0005,0,0
----Generation 208--------
3,1,1.00042,1.00558,595,53
3,1,1.00042,1.0047,595,53
3,1,1.00042,1.00839,595,53
3,1,1.00042,1.00716,595,53
3,1,1.00057,1.0005,530,59
----Generation 209--------
3,1,1.00066,1.0005,820,51
3,1,1.00057,1.00086,630,35
3,1,1.00057,1.00076,630,35
3,1,1.00042,1.00558,555,52
3,1,1.00042,1.0021,555,52
----Generation 210--------
3,1,1.00042,1.00048,160,8
3,1,1.00042,1.0001,140,17
3,1,1.00042,1.00734,100,5
3,1,1.00042,1.00205,100,5
3,1,1.00042,1.00781,100,5
----Generation 211--------
3,1,1.00042,1.00033,995,172
3,1,1.00042,1.00048,935,159
3,1,1.00042,1.00048,935,159
3,1,1.00042,1.0001,930,193
4,1,1.00042,1.00048,820,187
----Generation 212--------
2,1,1.00042,1.00048,3420,268
3,1,1.0006,1.00048,2990,319
3,1,1.00092,1.00048,2785,255
3,1,1.0004,1.00048,2700,355
3,1,1.00042,1.00048,2695,353
----Generation 213--------
3,32,1.0006,1.00048,0,0
3,18,1.0006,1.00048,0,0
3,1,1.00073,1.00048,0,0
4,1,1.0004,1.00048,0,0
3,1,1.00092,1.00683,0,0
----Generation 214--------
3,1,1.00613,1.00048,0,0
3,32,1.00028,1.00683,0,0
42,1,1.00073,1.00048,0,0
28,1,1.00092,1.00683,0,0
3,32,1.00492,1.00048,0,0
----Generation 215--------
3,1,1.00028,1.00704,1085,155
3,1,1.00073,1.0052,975,54
3,1,1.00092,1.00216,725,38
3,1,1.00342,1.00048,500,86
3,1,1.00669,1.00048,500,86
----Generation 216--------
3,6,1.00073,1.00048,0,0
48,1,1.00073,1.0052,0,0
49,1,1.00342,1.00048,0,0
23,1,1.00342,1.00048,0,0
3,1,1.00608,1.0052,0,0
----Generation 217--------
3,1,1.00031,1.00048,275,52
3,1,1.00381,1.00048,160,25
3,1,1.00289,1.00048,160,25
3,1,1.00079,1.0052,160,8
3,1,1.006,1.00048,160,25
----Generation 218--------
3,1,1.00767,1.0052,0,0
3,45,1.006,1.00048,0,0
3,1,1.00289,1.00497,0,0
3,30,1.00031,1.00048,0,0
3,1,1.00806,1.00048,0,0
----Generation 219--------
3,1,1.00046,1.00048,1130,99
3,1,1.00031,1.00776,860,85
3,1,1.00031,1.00248,860,85
3,1,1.00031,1.00159,860,87
3,1,1.00031,1.00528,860,85
----Generation 220--------
3,1,1.00366,1.00248,0,0
3,1,1.00046,1.00596,0,0
3,1,1.00566,1.00528,0,0
3,1,1.00031,1.00257,0,0
3,29,1.00031,1.00248,0,0
----Generation 221--------
3,1,1.00046,1.00055,1555,158
3,1,1.00031,1.00003,1485,320
3,1,1.00031,1.00122,1070,150
3,1,1.00046,1.00596,1035,106
3,1,1.00031,1.0033,1030,146
----Generation 222--------
3,1,1.00046,1.00075,620,78
3,1,1.00046,1.00055,585,93
3,1,1.00031,1.00161,430,88
3,1,1.00031,1.002,390,84
3,1,1.001,1.00055,385,58
----Generation 223--------
3,1,1.00031,1.00144,0,0
3,33,1.00031,1.002,0,0
3,17,1.001,1.00075,0,0
25,1,1.00046,1.00055,0,0
3,1,1.00265,1.00055,0,0
----Generation 224--------
25,18,1.00046,1.00055,0,0
22,33,1.00031,1.00144,0,0
25,1,1.00046,1.00593,0,0
3,33,1.00265,1.00533,0,0
3,21,1.00046,1.00055,0,0
----Generation 225--------
3,1,1.00012,1.00593,820,180
3,1,1.00046,1.00803,665,78
25,1,1.00359,1.00533,105,22
25,18,1.00085,1.00593,95,17
24,21,1.00046,1.00593,80,11
----Generation 226--------
46,21,1.00046,1.00593,0,0
24,32,1.00046,1.00803,0,0
25,10,1.00012,1.00593,0,0
3,1,1.00489,1.00803,0,0
25,1,1.00359,1.0012,0,0
----Generation 227--------
3,4,1.00489,1.00593,0,0
25,32,1.00046,1.00536,0,0
25,1,1.00359,1.00273,0,0
15,1,1.00012,1.00593,0,0
12,1,1.00489,1.00803,0,0
----Generation 228--------
3,1,1.00012,1.00775,665,149
11,1,1.00046,1.00536,480,98
10,1,1.00046,1.00536,465,93
12,1,1.00012,1.00244,450,140
25,1,1.00087,1.00273,395,74
----Generation 229--------
12,1,1.00221,1.00536,0,0
9,1,1.00046,1.00536,0,0
38,1,1.00046,1.00775,0,0
3,43,1.00087,1.00273,0,0
12,1,1.00415,1.00244,0,0
----Generation 230--------
3,1,1.00046,1.00747,745,96
3,1,1.00087,1.00273,680,48
3,1,1.00087,1.00859,640,46
3,1,1.00087,1.00825,640,46
19,1,1.00221,1.00775,445,39
----Generation 231--------
3,1,1.00037,1.00273,770,68
3,1,1.00046,1.00747,580,47
3,1,1.00046,1.00588,580,47
3,1,1.00046,1.00496,580,47
3,1,1.00046,1.00613,580,47
----Generation 232--------
3,1,1.00037,1.00555,0,0
3,50,1.00037,1.00588,0,0
38,1,1.00046,1.00747,0,0
3,1,1.00046,1.00217,0,0
3,10,1.00046,1.00747,0,0
----Generation 233--------
3,1,1.00037,1.00816,0,0
3,1,1.00833,1.00555,0,0
3,5,1.00046,1.00555,0,0
26,1,1.00037,1.00555,0,0
38,10,1.00886,1.00747,0,0
----Generation 234--------
3,6,1.00833,1.00816,0,0
3,10,1.00708,1.00747,0,0
25,5,1.00037,1.00555,0,0
3,27,1.00833,1.00816,0,0
3,1,1.0024,1.00555,0,0
----Generation 235--------
3,16,1.00833,1.00816,0,0
25,27,1.00033,1.00816,0,0
3,5,1.00012,1.00555,0,0
25,5,1.00486,1.00555,0,0
3,27,1.00833,1.00793,0,0
----Generation 236--------
25,27,1.00887,1.00816,0,0
25,11,1.00833,1.00816,0,0
25,5,1.00486,1.00474,0,0
25,27,1.00833,1.0043,0,0
12,27,1.00833,1.00816,0,0
----Generation 237--------
25,5,1.002,1.00816,25,10
25,11,1.00278,1.00816,10,4
25,27,1.00163,1.00816,0,0
12,5,1.00731,1.00816,0,0
8,27,1.00887,1.00816,0,0
----Generation 238--------
48,11,1.00278,1.00816,0,0
25,38,1.00887,1.00816,0,0
25,5,1.00163,1.00785,0,0
25,5,1.00369,1.00816,0,0
12,5,1.00278,1.00731,0,0
----Generation 239--------
25,5,1.00369,1.00323,0,0
48,5,1.00278,1.00606,0,0
12,38,1.0077,1.00731,0,0
25,4,1.00278,1.00731,0,0
41,5,1.00887,1.00816,0,0
----Generation 240--------
12,5,1.0077,1.00652,0,0
25,5,1.00278,1.00539,0,0
12,4,1.00084,1.00731,0,0
12,46,1.00369,1.00731,0,0
25,5,1.00055,1.00731,0,0
----Generation 241--------
34,46,1.00369,1.00731,0,0
12,5,1.0077,1.00095,0,0
12,49,1.00278,1.00731,0,0
12,37,1.00369,1.00731,0,0
25,5,1.00278,1.00204,0,0
----Generation 242--------
12,37,1.00278,1.0086,0,0
26,5,1.00278,1.00095,0,0
12,12,1.0077,1.00095,0,0
12,9,1.00369,1.00731,0,0
20,5,1.00369,1.00731,0,0
----Generation 243--------
26,5,1.00416,1.00095,175,75
33,5,1.00369,1.00095,170,93
26,5,1.004,1.00095,145,77
26,12,1.00856,1.00095,140,40
26,12,1.00644,1.00095,140,40
----Generation 244--------
26,22,1.004,1.00095,0,0
26,12,1.00772,1.00095,0,0
2,5,1.00369,1.00095,0,0
26,12,1.0068,1.00095,0,0
26,5,1.00856,1.00095,0,0
----Generation 245--------
26,6,1.00856,1.00095,0,0
26,5,1.004,1.00378,0,0
26,37,1.00369,1.00095,0,0
26,12,1.00206,1.00095,0,0
26,12,1.00772,1.00341,0,0
----Generation 246--------
26,12,1.00772,1.003,0,0
26,12,1.00568,1.00378,0,0
26,12,1.00772,1.00291,0,0
26,12,1.00602,1.00095,0,0
16,6,1.00772,1.00095,0,0
----Generation 247--------
16,12,1.00059,1.00095,0,0
26,8,1.00772,1.00095,0,0
26,12,1.00568,1.00826,0,0
26,12,1.00602,1.00195,0,0
16,6,1.00866,1.00095,0,0
----Generation 248--------
16,46,1.00866,1.00095,120,15
16,44,1.00568,1.00095,80,17
16,38,1.00602,1.00095,60,16
26,50,1.00568,1.00095,60,8
16,12,1.00427,1.00095,20,1
----Generation 249--------
26,12,1.00696,1.00095,40,5
16,6,1.00427,1.00095,20,9
26,18,1.00568,1.00095,20,2
26,44,1.00109,1.00095,20,1
16,33,1.00866,1.00095,20,2
----Generation 250--------
26,31,1.00109,1.00095,60,3
48,18,1.00568,1.00095,20,44
26,33,1.00415,1.00095,20,1
26,33,1.00564,1.00095,20,1
16,16,1.00109,1.00095,0,0
----Generation 251--------
16,31,1.00654,1.00095,0,0
26,16,1.00377,1.00095,0,0
48,16,1.00568,1.00168,0,0
45,33,1.00564,1.00095,0,0
2,16,1.00109,1.00095,0,0
----Generation 252--------
2,16,1.00715,1.00095,0,0
26,16,1.00568,1.00461,0,0
45,16,1.00109,1.00572,0,0
2,23,1.00564,1.00095,0,0
2,42,1.00654,1.00095,0,0
----Generation 253--------
2,23,1.00109,1.0037,0,0
2,14,1.00564,1.00095,0,0
26,20,1.00568,1.00095,0,0
45,23,1.00068,1.00095,0,0
26,16,1.0022,1.00461,0,0
----Generation 254--------
45,23,1.00068,1.00246,0,0
2,41,1.00109,1.0037,0,0
9,23,1.00068,1.00095,0,0
2,23,1.00564,1.00469,0,0
37,14,1.00068,1.00095,0,0
----Generation 255--------
2,1,1.00068,1.0037,480,24
37,19,1.00564,1.00095,60,41
9,23,1.00304,1.0037,50,13
37,23,1.00878,1.00095,40,33
37,23,1.0055,1.00095,40,33
----Generation 256--------
37,19,1.00304,1.00291,0,0
37,23,1.00304,1.00707,0,0
9,23,1.00068,1.00852,0,0
37,23,1.00878,1.00715,0,0
14,23,1.00878,1.0037,0,0
----Generation 257--------
9,23,1.00304,1.00556,40,9
7,19,1.00878,1.00291,40,10
46,23,1.00304,1.0037,40,4
48,23,1.00304,1.00715,5,2
6,23,1.00304,1.0037,5,22
----Generation 258--------
29,23,1.00304,1.0037,0,0
46,42,1.00304,1.0037,0,0
6,23,1.00304,1.0013,0,0
6,23,1.00304,1.00795,0,0
6,6,1.00304,1.0037,0,0
----Generation 259--------
6,20,1.00304,1.00795,20,1
6,23,1.00304,1.00357,20,4
6,23,1.00304,1.00749,20,1
20,42,1.00304,1.0037,20,2
40,23,1.00304,1.0013,20,2
----Generation 260--------
40,3,1.00304,1.00795,0,0
40,15,1.00304,1.0013,0,0
6,23,1.00304,1.0021,0,0
40,23,1.00304,1.0026,0,0
6,17,1.00304,1.0037,0,0
----Generation 261--------
40,23,1.00304,1.00014,360,95
40,15,1.00515,1.0013,205,44
40,23,1.00304,1.00027,200,87
40,12,1.00304,1.0013,190,83
40,15,1.00304,1.0013,170,72
----Generation 262--------
40,35,1.00304,1.00027,20,5
40,44,1.00304,1.0013,0,0
7,15,1.00304,1.0013,0,16
40,25,1.00304,1.0013,0,0
40,47,1.00304,1.0013,0,0
----Generation 263--------
46,35,1.00304,1.00027,20,69
40,47,1.00776,1.0013,0,0
40,36,1.00304,1.0013,0,0
40,25,1.00304,1.00504,0,0
40,35,1.00876,1.0013,0,0
----Generation 264--------
40,25,1.00237,1.00027,100,32
46,26,1.00876,1.00027,80,29
40,47,1.00776,1.00055,40,3
46,14,1.00776,1.0013,40,7
46,30,1.00304,1.00027,40,26
----Generation 265--------
46,30,1.00876,1.0013,0,0
19,14,1.00876,1.00027,0,0
46,8,1.00876,1.00027,0,0
40,30,1.00796,1.00027,0,0
40,11,1.00776,1.0013,0,0
----Generation 266--------
40,14,1.00796,1.00391,0,0
45,14,1.00876,1.00027,0,0
32,11,1.00876,1.00027,0,0
46,3,1.00796,1.00027,0,0
29,30,1.00876,1.0013,0,0
----Generation 267--------
46,1,1.00796,1.0013,230,72
32,11,1.00796,1.00319,140,9
40,11,1.00796,1.00254,140,21
46,14,1.00411,1.00391,120,26
29,11,1.00876,1.00256,120,10
----Generation 268--------
29,11,1.00796,1.00391,0,0
29,11,1.00876,1.00202,0,0
29,1,1.00876,1.0057,0,0
40,11,1.00876,1.00684,0,0
40,1,1.00661,1.00254,0,0
----Generation 269--------
42,1,1.00661,1.0057,0,0
29,15,1.00876,1.00202,0,0
40,45,1.00876,1.00684,0,0
37,1,1.00876,1.00202,0,0
40,45,1.00796,1.00254,0,0
----Generation 270--------
5,15,1.00796,1.00202,0,0
42,1,1.00778,1.0057,0,0
40,49,1.00876,1.00684,0,0
45,1,1.00661,1.0057,0,0
37,45,1.00876,1.00099,0,0
----Generation 271--------
37,1,1.00269,1.00099,75,82
5,15,1.00796,1.00202,20,1
36,1,1.00778,1.0057,20,1
5,15,1.00739,1.00202,20,1
42,1,1.00661,1.00501,20,1
----Generation 272--------
34,15,1.00739,1.00099,0,0
5,1,1.00796,1.00049,0,0
5,43,1.00739,1.00202,0,0
36,1,1.00739,1.00687,0,0
5,15,1.00739,1.00836,0,0
----Generation 273--------
36,1,1.00065,1.00687,0,0
5,19,1.00739,1.00099,0,0
36,1,1.00749,1.00687,0,0
5,15,1.00739,1.00844,0,0
36,1,1.00739,1.00049,0,0
----Generation 274--------
5,1,1.00104,1.00844,205,26
17,1,1.00739,1.00099,200,46
5,1,1.00109,1.00687,195,22
5,1,1.00739,1.00034,180,106
36,1,1.00739,1.00124,120,24
----Generation 275--------
5,1,1.00104,1.00123,365,31
5,1,1.00109,1.00066,245,63
5,1,1.00109,1.00468,225,20
5,1,1.00104,1.00844,225,20
5,1,1.00109,1.0059,225,20
----Generation 276--------
5,1,1.00323,1.0059,0,0
5,1,1.00393,1.00066,0,0
50,1,1.00109,1.00066,0,0
27,1,1.00104,1.00123,0,0
5,17,1.00104,1.00066,0,0
----Generation 277--------
5,17,1.0073,1.00066,0,0
30,1,1.00104,1.00066,0,0
50,1,1.00426,1.00066,0,0
5,48,1.00393,1.00066,0,0
5,1,1.0031,1.0059,0,0
----Generation 278--------
4,1,1.00426,1.00066,340,29
4,1,1.00426,1.00066,340,29
5,1,1.00104,1.00718,320,30
5,1,1.00104,1.00404,320,30
5,1,1.00104,1.00398,320,30
----Generation 279--------
5,1,1.00104,1.00119,305,39
5,1,1.00104,1.00066,285,73
4,1,1.00426,1.00066,200,44
4,1,1.00396,1.00066,200,44
4,1,1.00453,1.00066,200,44
