----Generation 0--------
15,29,1.0008799620303348,1.000346293272723,0,0
10,18,1.0005383171218063,1.0004417819825073,0,0
39,11,1.000232814049918,1.000226106565827,0,0
7,30,1.0007941105768356,1.0003099617004971,0,0
19,16,1.0006200307520647,1.0004255235840085,0,0
----Generation 1--------
15,16,1.00713,1.0004255235840085,0,0
19,11,1.00482,1.000226106565827,0,0
10,18,1.00707,1.000346293272723,0,0
7,16,1.0006200307520647,1.0029,0,0
19,1,1.0005383171218063,1.0004255235840085,0,0
----Generation 2--------
19,16,1.0005383171218063,1.00465,0,0
35,11,1.00482,1.000346293272723,0,0
7,17,1.0005383171218063,1.0029,0,0
1,18,1.00707,1.0029,0,0
10,16,1.00654,1.000346293272723,0,0
----Generation 3--------
7,39,1.00654,1.0029,40,6
7,30,1.00654,1.0029,20,5
23,11,1.00482,1.0029,20,1
7,18,1.00421,1.0029,20,1
7,18,1.00194,1.0029,15,6
----Generation 4--------
7,30,1.00413,1.0029,0,0
40,18,1.00194,1.0029,0,0
7,11,1.00325,1.0029,0,0
21,18,1.00654,1.0029,0,0
7,11,1.00482,1.00418,0,0
----Generation 5--------
7,1,1.00325,1.0029,120,14
40,11,1.00482,1.0029,80,27
7,11,1.00413,1.00155,40,8
40,30,1.00413,1.00114,40,2
23,11,1.00325,1.0029,35,7
----Generation 6--------
12,11,1.00413,1.0029,0,0
7,34,1.00413,1.0029,0,0
23,32,1.00325,1.0029,0,0
7,1,1.00556,1.0029,0,0
23,11,1.00689,1.0029,0,0
----Generation 7--------
15,11,1.00689,1.0029,0,0
20,11,1.00325,1.0029,0,0
14,34,1.00689,1.0029,0,0
24,11,1.00689,1.0029,0,0
7,1,1.00325,1.00709,0,0
----Generation 8--------
24,11,1.00767,1.0029,0,0
14,30,1.00325,1.0029,0,0
20,12,1.00689,1.0029,0,0
20,34,1.00689,1.00061,0,0
14,22,1.00689,1.0029,0,0
----Generation 9--------
20,2,1.00767,1.0029,80,10
46,11,1.00767,1.00061,40,41
24,6,1.00767,1.0029,40,6
3,11,1.00325,1.0029,30,5
6,12,1.00325,1.0029,20,1
----Generation 10--------
6,12,1.00325,1.00525,0,0
22,11,1.00767,1.0029,0,0
20,11,1.00767,1.00609,0,0
3,2,1.00767,1.0033,0,0
3,6,1.00675,1.0029,0,0
----Generation 11--------
23,11,1.00767,1.00609,0,0
3,11,1.00623,1.00609,0,0
36,6,1.00675,1.0033,0,0
31,11,1.00767,1.00525,0,0
6,29,1.00675,1.0029,0,0
----Generation 12--------
36,11,1.00767,1.00012,0,0
23,11,1.00675,1.00306,0,0
12,11,1.00623,1.00609,0,0
23,24,1.00767,1.00609,0,0
23,11,1.00767,1.0035,0,0
----Generation 13--------
22,24,1.00623,1.00609,0,0
37,11,1.00675,1.00609,0,0
25,11,1.00767,1.0035,0,0
23,19,1.00767,1.0035,0,0
30,11,1.00767,1.0035,0,0
----Generation 14--------
30,24,1.00767,1.00475,0,0
23,11,1.00488,1.0035,0,0
37,30,1.00767,1.0035,0,0
44,11,1.00675,1.00609,0,0
41,24,1.00767,1.00609,0,0
----Generation 15--------
37,40,1.00767,1.00475,0,0
9,11,1.00675,1.0035,0,0
41,24,1.00803,1.0035,0,0
44,11,1.00767,1.00475,0,0
44,11,1.00767,1.00786,0,0
----Generation 16--------
9,2,1.00767,1.0035,0,0
37,40,1.00628,1.00786,0,0
6,11,1.00767,1.00786,0,0
7,11,1.00675,1.00475,0,0
37,11,1.00767,1.00631,0,0
----Generation 17--------
37,11,1.0024,1.00786,40,2
37,11,1.00235,1.00786,40,2
7,11,1.00096,1.00475,20,1
27,11,1.00767,1.00631,0,0
9,11,1.00529,1.00786,0,0
----Generation 18--------
37,11,1.00235,1.00111,65,9
32,11,1.0024,1.00786,50,6
37,11,1.0024,1.00164,45,4
37,11,1.00235,1.00181,45,4
37,11,1.00529,1.00123,40,2
----Generation 19--------
32,17,1.0024,1.00111,0,0
6,11,1.00235,1.00164,0,0
37,20,1.00235,1.00111,0,0
37,8,1.0024,1.00111,0,0
6,11,1.0024,1.00164,0,0
----Generation 20--------
27,11,1.0024,1.00111,50,20
36,20,1.0024,1.00111,45,4
32,49,1.0024,1.00111,20,4
37,8,1.00552,1.00111,20,37
37,8,1.0053,1.00111,20,37
----Generation 21--------
37,12,1.0053,1.00111,0,0
36,20,1.0024,1.00293,0,0
36,29,1.0024,1.00111,0,0
27,8,1.0024,1.00691,0,0
32,20,1.0053,1.00111,0,0
----Generation 22--------
21,29,1.0024,1.00111,40,2
36,37,1.0024,1.00293,0,0
37,8,1.0053,1.00611,0,0
16,12,1.0024,1.00691,0,0
37,12,1.00628,1.00293,0,0
----Generation 23--------
24,12,1.00628,1.00293,0,0
5,12,1.00628,1.00293,0,0
37,8,1.0053,1.00857,0,0
36,8,1.00066,1.00611,0,0
16,8,1.0053,1.00032,0,0
----Generation 24--------
24,12,1.00184,1.00293,85,20
5,34,1.00628,1.00293,80,18
41,12,1.00628,1.00293,65,7
43,12,1.0053,1.00857,50,6
24,8,1.0053,1.00701,45,4
----Generation 25--------
49,34,1.00628,1.00701,0,0
5,34,1.00211,1.00293,0,0
5,12,1.0037,1.00293,0,0
24,7,1.0053,1.00701,0,0
5,47,1.0053,1.00293,0,0
----Generation 26--------
2,34,1.00211,1.00293,65,54
5,47,1.00211,1.00476,50,41
5,47,1.00211,1.0088,50,41
5,34,1.0037,1.00717,40,9
5,28,1.0037,1.00293,30,13
----Generation 27--------
5,47,1.00826,1.0088,0,0
27,34,1.0037,1.00717,0,0
24,28,1.00211,1.0088,0,0
31,47,1.00211,1.00293,0,0
5,15,1.0037,1.00717,0,0
----Generation 28--------
31,34,1.00112,1.00293,0,0
24,34,1.0037,1.00285,0,0
24,28,1.00211,1.00641,0,0
31,15,1.00042,1.00717,0,0
5,15,1.00826,1.00665,0,0
----Generation 29--------
41,15,1.0037,1.00665,0,0
5,28,1.00484,1.00641,0,0
24,1,1.00826,1.00641,0,0
31,15,1.00541,1.00293,0,0
31,15,1.0037,1.00783,0,0
----Generation 30--------
2,15,1.00541,1.00665,0,0
5,1,1.00484,1.00024,0,0
31,1,1.00895,1.00641,0,0
24,13,1.00541,1.00293,0,0
31,15,1.0037,1.00336,0,0
----Generation 31--------
5,13,1.00484,1.00293,0,0
20,15,1.0037,1.00336,0,0
39,1,1.00541,1.00024,0,0
24,25,1.00484,1.00024,0,0
31,27,1.0037,1.00336,0,0
----Generation 32--------
39,1,1.00484,1.00226,105,45
39,1,1.00638,1.00336,90,25
31,1,1.0065,1.00336,85,14
39,1,1.00484,1.0006,65,80
24,1,1.00541,1.00725,65,5
----Generation 33--------
34,1,1.00541,1.00336,430,50
12,1,1.00484,1.00725,430,25
24,1,1.00583,1.00336,390,48
24,1,1.0065,1.00399,365,37
39,1,1.0065,1.00565,345,28
----Generation 34--------
34,1,1.0065,1.00161,160,10
34,1,1.00583,1.00126,125,13
24,1,1.00129,1.00399,95,22
24,1,1.0065,1.00113,80,16
24,1,1.0065,1.00188,80,10
----Generation 35--------
5,1,1.00129,1.00126,425,34
8,1,1.00129,1.00399,345,33
24,1,1.00129,1.00837,165,46
24,1,1.00129,1.00857,165,46
24,1,1.00129,1.00169,145,75
----Generation 36--------
5,1,1.00129,1.00089,575,65
5,1,1.00129,1.00126,435,40
8,1,1.00129,1.00166,285,65
5,1,1.00301,1.00126,260,19
8,1,1.00129,1.00169,225,62
----Generation 37--------
5,1,1.00129,1.00089,325,30
5,1,1.00129,1.00094,305,29
8,1,1.001,1.00169,300,42
8,1,1.00118,1.00126,300,37
5,1,1.00155,1.00089,265,27
----Generation 38--------
8,1,1.00053,1.00089,630,125
5,1,1.00129,1.00054,535,96
4,1,1.001,1.00169,495,39
7,1,1.00118,1.00126,460,60
4,1,1.00129,1.00089,450,36
----Generation 39--------
5,1,1.00434,1.00054,0,0
4,1,1.00129,1.00524,0,0
4,1,1.00126,1.00054,0,0
8,1,1.00129,1.00679,0,0
6,1,1.00053,1.00089,0,0
----Generation 40--------
5,1,1.00126,1.00608,0,0
11,1,1.00129,1.00679,0,0
5,30,1.00434,1.00054,0,0
8,1,1.00399,1.00679,0,0
17,1,1.00434,1.00089,0,0
----Generation 41--------
11,11,1.00129,1.00679,0,0
8,1,1.00237,1.00054,0,0
11,17,1.00399,1.00679,0,0
49,1,1.00126,1.00608,0,0
5,30,1.00126,1.00608,0,0
----Generation 42--------
8,1,1.00126,1.00134,335,24
8,1,1.00126,1.00649,155,13
8,1,1.00129,1.00777,115,11
11,1,1.00129,1.00512,95,17
13,11,1.00129,1.00054,40,4
----Generation 43--------
8,1,1.00129,1.00054,465,108
7,1,1.00126,1.00134,450,57
8,1,1.00126,1.00023,375,143
8,1,1.00126,1.00134,355,61
8,1,1.00226,1.00134,355,33
----Generation 44--------
8,1,1.00116,1.00134,365,56
7,1,1.00126,1.00134,305,43
8,1,1.00129,1.0064,255,25
8,1,1.00141,1.00134,250,45
7,1,1.00126,1.00833,245,21
----Generation 45--------
7,1,1.00141,1.00134,295,83
8,1,1.00165,1.00134,260,85
7,1,1.00126,1.00134,250,93
7,1,1.00129,1.00114,245,105
8,1,1.00223,1.00134,220,62
----Generation 46--------
30,1,1.00126,1.00114,0,0
8,2,1.00126,1.00134,0,0
35,1,1.00141,1.00114,0,0
9,1,1.00129,1.00114,0,0
35,1,1.00165,1.00134,0,0
----Generation 47--------
8,1,1.00126,1.00374,230,22
8,1,1.00126,1.00294,230,22
12,1,1.00129,1.00114,190,60
9,1,1.00129,1.00486,180,23
8,1,1.00129,1.00134,170,41
----Generation 48--------
9,1,1.00129,1.00451,0,0
12,1,1.00129,1.00486,0,0
34,1,1.00129,1.00134,0,0
8,1,1.00065,1.00134,0,0
9,37,1.00129,1.00374,0,0
----Generation 49--------
8,37,1.00065,1.00145,0,0
9,13,1.00129,1.00451,0,0
12,1,1.00339,1.00486,0,0
12,1,1.00129,1.00549,0,0
12,1,1.00438,1.00486,0,0
----Generation 50--------
8,34,1.00065,1.00145,0,0
50,1,1.00129,1.00549,0,0
12,31,1.00129,1.00145,0,0
12,1,1.00438,1.00862,0,0
9,18,1.00339,1.00486,0,0
----Generation 51--------
2,1,1.00065,1.00549,260,13
15,34,1.00129,1.00145,170,23
12,31,1.00129,1.00391,140,23
12,38,1.00129,1.00145,105,27
8,34,1.00272,1.00145,100,22
----Generation 52--------
12,9,1.00065,1.00145,0,0
12,1,1.00009,1.00549,0,0
15,34,1.00402,1.00391,0,0
38,34,1.00129,1.00145,0,0
38,38,1.00129,1.00145,0,0
----Generation 53--------
12,8,1.00402,1.00549,0,0
38,44,1.00129,1.00145,0,0
15,34,1.00129,1.00145,0,0
21,9,1.00129,1.00145,0,0
15,4,1.00402,1.00549,0,0
----Generation 54--------
21,5,1.00129,1.00145,0,0
12,8,1.005,1.00145,0,0
12,4,1.00801,1.00549,0,0
38,44,1.00721,1.00549,0,0
25,44,1.00129,1.00145,0,0
----Generation 55--------
21,5,1.00801,1.00218,120,8
12,4,1.00593,1.00145,100,11
12,4,1.00793,1.00145,100,11
11,5,1.005,1.00145,100,7
12,4,1.00226,1.00145,100,11
----Generation 56--------
12,1,1.00226,1.00145,415,77
50,4,1.00793,1.00145,330,57
49,4,1.00793,1.00145,245,58
49,4,1.00793,1.00145,245,58
43,5,1.00801,1.00218,230,38
----Generation 57--------
12,1,1.00226,1.00145,245,30
8,1,1.00793,1.00145,160,12
49,1,1.00226,1.00456,75,18
49,34,1.00793,1.00145,60,3
50,31,1.00793,1.00145,20,9
----Generation 58--------
49,1,1.00226,1.00495,0,0
49,1,1.00793,1.00566,0,0
50,1,1.00226,1.00522,0,0
12,1,1.00185,1.00145,0,0
12,1,1.00226,1.00331,0,0
----Generation 59--------
31,1,1.00185,1.00331,135,21
12,1,1.00226,1.00144,85,26
11,1,1.00793,1.00145,80,15
12,1,1.00124,1.00495,75,31
12,1,1.0029,1.00566,65,5
----Generation 60--------
11,1,1.00205,1.00331,180,43
12,1,1.00185,1.00849,175,44
11,1,1.00103,1.00331,150,103
12,1,1.0029,1.00297,135,27
11,1,1.00226,1.00487,120,29
----Generation 61--------
12,1,1.00164,1.00849,0,0
29,1,1.00205,1.00487,0,0
12,1,1.00185,1.00769,0,0
11,36,1.00103,1.00331,0,0
14,1,1.00103,1.00331,0,0
----Generation 62--------
5,1,1.00103,1.00487,1155,78
9,1,1.00103,1.00331,1100,110
3,1,1.00103,1.00849,885,46
7,1,1.00185,1.00769,845,51
12,1,1.00105,1.00849,840,98
----Generation 63--------
3,1,1.00103,1.00262,0,0
7,1,1.00103,1.00238,0,0
5,1,1.00103,1.00713,0,0
9,1,1.00759,1.00849,0,0
5,1,1.00724,1.00331,0,0
----Generation 64--------
9,1,1.00436,1.00713,0,0
5,1,1.00103,1.00576,0,0
5,1,1.00103,1.00128,0,0
21,1,1.00759,1.00713,0,0
5,1,1.00103,1.00558,0,0
----Generation 65--------
5,1,1.0005,1.00128,1435,186
5,1,1.00053,1.00576,1420,141
5,1,1.00103,1.00376,1125,79
5,1,1.00103,1.00459,1125,79
5,1,1.00103,1.00576,1125,79
----Generation 66--------
5,1,1.00677,1.00576,0,0
5,16,1.00103,1.00128,0,0
5,36,1.00103,1.00376,0,0
24,1,1.00103,1.00128,0,0
5,1,1.00103,1.00007,0,0
----Generation 67--------
7,1,1.00103,1.00128,885,78
5,1,1.00103,1.00128,790,60
5,1,1.00008,1.00128,605,167
5,1,1.00103,1.00334,510,36
5,1,1.00103,1.0003,510,142
----Generation 68--------
5,1,1.00103,1.00109,485,32
9,1,1.00103,1.00128,330,45
5,1,1.00103,1.00128,325,22
5,1,1.00069,1.00334,320,37
5,1,1.00103,1.00293,285,16
----Generation 69--------
22,1,1.00069,1.00109,0,0
5,1,1.00069,1.00703,0,0
22,1,1.00069,1.00293,0,0
5,1,1.0089,1.00109,0,0
5,1,1.00103,1.00611,0,0
----Generation 70--------
5,1,1.00069,1.00099,560,72
3,1,1.00069,1.00109,385,30
5,1,1.00069,1.00437,340,54
5,1,1.00069,1.00453,340,54
5,1,1.00069,1.00255,340,54
----Generation 71--------
3,1,1.00069,1.00109,675,52
3,1,1.00069,1.00031,560,121
5,1,1.00069,1.00099,550,104
3,1,1.00069,1.00142,515,44
5,1,1.00031,1.00099,510,142
----Generation 72--------
3,1,1.00069,1.00092,975,62
3,1,1.00069,1.00039,915,139
3,1,1.00069,1.00109,895,56
3,1,1.00069,1.00142,875,53
3,1,1.00031,1.00099,855,141
----Generation 73--------
34,1,1.00031,1.00099,0,0
11,1,1.00031,1.00099,0,0
3,1,1.00439,1.00092,0,0
3,1,1.00275,1.00039,0,0
42,1,1.00069,1.00099,0,0
----Generation 74--------
30,1,1.00031,1.00092,0,0
34,1,1.00823,1.00099,0,0
20,1,1.00031,1.00092,0,0
20,1,1.00275,1.00039,0,0
3,6,1.00439,1.00099,0,0
----Generation 75--------
4,1,1.00823,1.00099,280,24
3,1,1.00172,1.00099,240,16
30,1,1.00157,1.00092,170,83
26,1,1.00275,1.00099,170,77
2,1,1.00275,1.00092,160,8
----Generation 76--------
2,1,1.00275,1.00039,1100,70
5,1,1.00157,1.00099,590,63
3,1,1.00119,1.00099,520,34
4,1,1.00172,1.00099,480,40
3,1,1.00157,1.00008,420,198
----Generation 77--------
4,1,1.00354,1.00099,0,0
4,1,1.00722,1.00099,0,0
4,1,1.00172,1.00223,0,0
4,1,1.00119,1.00428,0,0
4,1,1.00172,1.00648,0,0
----Generation 78--------
4,1,1.00041,1.00099,710,160
4,1,1.00119,1.00206,550,31
4,1,1.00119,1.00099,530,52
4,1,1.00119,1.00251,490,28
4,1,1.00119,1.00764,470,27
----Generation 79--------
4,18,1.00119,1.00251,0,0
41,1,1.00119,1.00099,0,0
4,1,1.00119,1.00274,0,0
4,40,1.00119,1.00251,0,0
4,1,1.00119,1.00168,0,0
----Generation 80--------
4,1,1.00033,1.00168,560,115
4,1,1.00119,1.0005,520,90
4,1,1.00119,1.00119,360,30
4,1,1.00119,1.0017,240,16
4,1,1.00119,1.00515,220,11
----Generation 81--------
13,1,1.00119,1.00168,195,41
6,1,1.00119,1.0017,170,23
4,1,1.00825,1.00119,140,13
4,1,1.00255,1.00119,140,13
4,1,1.00119,1.00119,135,18
----Generation 82--------
32,1,1.00255,1.00119,0,0
4,1,1.00725,1.00119,0,0
4,1,1.00119,1.00712,0,0
7,1,1.00119,1.00119,0,0
26,1,1.00119,1.00119,0,0
----Generation 83--------
4,1,1.00063,1.00119,580,58
7,1,1.00119,1.00174,365,33
7,1,1.00119,1.00381,365,27
7,1,1.00119,1.00704,345,26
7,1,1.00119,1.00824,345,26
----Generation 84--------
7,1,1.00769,1.00824,0,0
7,1,1.003,1.00174,0,0
7,10,1.00063,1.00824,0,0
7,1,1.00063,1.00066,0,0
7,1,1.00112,1.00381,0,0
----Generation 85--------
7,3,1.00063,1.00066,0,0
7,1,1.00181,1.00824,0,0
20,1,1.00769,1.00824,0,0
7,1,1.00769,1.00691,0,0
23,1,1.00063,1.00066,0,0
----Generation 86--------
7,1,1.00099,1.00066,940,222
7,1,1.00063,1.00175,695,182
7,1,1.00181,1.00131,690,98
7,1,1.00181,1.00062,590,163
7,1,1.00063,1.00866,555,145
----Generation 87--------
7,1,1.00391,1.00175,0,0
7,1,1.00181,1.00343,0,0
39,1,1.00099,1.00066,0,0
7,35,1.00181,1.00866,0,0
8,1,1.00063,1.00866,0,0
----Generation 88--------
7,1,1.00391,1.00345,0,0
7,35,1.00181,1.00017,0,0
26,1,1.00099,1.00066,0,0
39,49,1.00181,1.00066,0,0
8,1,1.00352,1.00066,0,0
----Generation 89--------
7,1,1.007,1.00066,0,0
36,49,1.00181,1.00345,0,0
26,1,1.00817,1.00345,0,0
39,49,1.00181,1.00136,0,0
8,1,1.00352,1.00163,0,0
----Generation 90--------
36,11,1.00181,1.00345,0,0
26,1,1.00818,1.00136,0,0
36,42,1.00352,1.00345,0,0
7,1,1.00817,1.00647,0,0
7,1,1.00352,1.00345,0,0
----Generation 91--------
7,1,1.00185,1.00345,265,22
29,1,1.00818,1.00345,120,6
26,1,1.00181,1.00311,90,66
26,1,1.00817,1.00282,80,10
26,1,1.0069,1.00345,80,4
----Generation 92--------
7,1,1.00185,1.00345,100,5
7,1,1.00181,1.00338,100,7
7,1,1.00185,1.00668,80,4
5,1,1.00185,1.00311,80,4
30,1,1.00185,1.00345,45,4
----Generation 93--------
7,1,1.00181,1.00145,190,55
20,1,1.00185,1.00668,190,27
21,1,1.00185,1.00311,140,42
24,1,1.00185,1.00338,120,47
7,1,1.00185,1.00208,90,26
----Generation 94--------
7,1,1.00131,1.00145,555,61
15,1,1.00185,1.00311,395,53
15,1,1.00185,1.00311,395,53
7,1,1.00181,1.00145,390,44
11,1,1.00185,1.00208,390,54
----Generation 95--------
41,1,1.00181,1.00311,0,0
7,1,1.00015,1.00311,0,0
48,1,1.00185,1.00311,0,0
7,1,1.00409,1.00145,0,0
7,40,1.00131,1.00208,0,0
----Generation 96--------
7,1,1.00071,1.00311,335,54
7,1,1.00041,1.00311,210,97
7,1,1.00188,1.00208,205,28
4,1,1.00131,1.00208,180,13
7,1,1.00015,1.00311,175,141
----Generation 97--------
4,1,1.00071,1.00279,1810,171
4,1,1.00071,1.00406,1770,169
4,1,1.00071,1.00534,1730,167
4,1,1.00131,1.00038,1705,269
7,1,1.00131,1.00095,1170,256
----Generation 98--------
4,1,1.0038,1.00095,0,0
7,1,1.00071,1.0045,0,0
7,1,1.00071,1.00103,0,0
7,1,1.00071,1.00208,0,0
4,6,1.00071,1.00279,0,0
----Generation 99--------
7,1,1.00164,1.00103,470,54
7,1,1.00071,1.00208,430,57
7,1,1.00071,1.0023,390,55
7,1,1.00071,1.00054,385,138
7,1,1.00071,1.00246,370,54
----Generation 100--------
4,1,1.00071,1.0023,855,78
7,1,1.00071,1.00137,615,153
7,1,1.00071,1.0017,555,134
7,1,1.00071,1.00208,555,122
7,1,1.00071,1.00827,535,109
----Generation 101--------
4,1,1.00071,1.00134,2205,241
4,1,1.00071,1.00147,2165,221
4,1,1.00071,1.0023,1765,185
5,1,1.00071,1.00208,1700,221
4,1,1.00034,1.0023,1640,268
----Generation 102--------
5,1,1.00071,1.00891,0,0
33,1,1.00071,1.00147,0,0
4,3,1.00071,1.0023,0,0
19,1,1.00071,1.0023,0,0
22,1,1.00034,1.0023,0,0
----Generation 103--------
5,1,1.00071,1.00302,285,24
5,1,1.00071,1.00329,285,24
5,1,1.00071,1.00291,285,24
5,1,1.00071,1.00126,285,26
5,1,1.00071,1.00891,265,23
----Generation 104--------
5,1,1.00071,1.001,830,160
5,1,1.00071,1.00134,795,140
5,1,1.00071,1.00126,775,143
5,1,1.00071,1.00157,755,128
5,1,1.00071,1.0018,695,121
----Generation 105--------
30,1,1.00071,1.001,0,0
5,43,1.00071,1.001,0,0
36,1,1.00071,1.0018,0,0
5,1,1.00071,1.00149,0,0
4,1,1.00071,1.00157,0,0
----Generation 106--------
4,1,1.00071,1.00149,1020,101
4,1,1.00071,1.00174,1000,96
4,1,1.00071,1.00288,960,90
4,1,1.00071,1.00674,960,90
4,1,1.00071,1.00415,960,90
----Generation 107--------
15,1,1.00071,1.00149,0,0
4,38,1.00071,1.00674,0,0
4,2,1.00071,1.00149,0,0
4,1,1.00071,1.00229,0,0
4,1,1.00312,1.00674,0,0
----Generation 108--------
4,1,1.00071,1.00092,0,0
25,1,1.00071,1.00229,0,0
15,1,1.0024,1.00674,0,0
4,1,1.00071,1.00148,0,0
15,2,1.00071,1.00149,0,0
----Generation 109--------
4,1,1.00071,1.0005,790,77
4,1,1.00071,1.00022,530,130
4,1,1.00071,1.00092,410,45
4,1,1.00071,1.00092,410,45
4,1,1.00071,1.00204,350,28
----Generation 110--------
4,1,1.00063,1.0005,1220,164
4,1,1.00071,1.0005,1205,151
4,1,1.00071,1.0005,1205,151
4,1,1.00071,1.0005,1205,151
4,1,1.00071,1.00032,1100,190
----Generation 111--------
3,1,1.00071,1.0005,765,75
4,1,1.00071,1.00059,670,86
4,1,1.00013,1.00032,575,199
4,1,1.00071,1.0005,570,103
4,1,1,1.0005,555,205
----Generation 112--------
3,1,1.00071,1.0005,655,100
2,1,1,1.0005,520,192
4,1,1.00071,1.00177,465,59
4,1,1.00049,1.0005,450,148
4,1,1.00071,1.00059,440,115
----Generation 113--------
2,1,1.00853,1.0005,0,0
20,1,1.00049,1.00177,0,0
4,1,1.00311,1.0005,0,0
2,1,1.00195,1.0005,0,0
10,1,1.00071,1.0005,0,0
----Generation 114--------
12,1,1.00071,1.0005,0,0
4,1,1.00049,1.00083,0,0
18,1,1.00071,1.0005,0,0
2,1,1.00049,1.00842,0,0
4,1,1.00311,1.0074,0,0
----Generation 115--------
2,1,1.00049,1.00805,0,0
2,1,1.00607,1.0005,0,0
12,1,1.00049,1.00309,0,0
4,1,1.00071,1.00691,0,0
2,1,1.00386,1.00083,0,0
----Generation 116--------
2,1,1.00049,1.0003,1040,75
4,1,1.00071,1.0002,700,159
4,1,1.00071,1.00203,640,46
4,1,1.00071,1.00475,620,45
2,1,1.00049,1.00805,500,25
----Generation 117--------
2,1,1.00049,1.00035,1480,88
2,1,1.00049,1.0003,1400,106
2,1,1.00452,1.0003,900,81
2,1,1.00518,1.0003,900,81
2,1,1.00038,1.00203,835,54
----Generation 118--------
2,1,1.00049,1.0004,1100,105
2,1,1.00049,1.00035,1020,118
2,1,1.00049,1.00035,1020,118
2,1,1.00049,1.0003,940,130
2,1,1.00038,1.00371,840,72
----Generation 119--------
2,1,1.00035,1.00035,2320,157
2,1,1.00049,1.0004,1900,104
2,1,1.00049,1.00035,1860,119
3,1,1.00049,1.00035,1740,204
2,1,1.00038,1.0018,1365,77
----Generation 120--------
2,1,1.00785,1.0018,0,0
3,22,1.00049,1.00035,0,0
2,1,1.00263,1.00035,0,0
3,1,1.00035,1.00383,0,0
2,1,1.00049,1.0088,0,0
----Generation 121--------
3,1,1.00055,1.00035,1645,167
2,1,1.00035,1.00759,1470,77
2,1,1.00035,1.00613,1470,77
3,1,1.00035,1.0001,1330,278
2,1,1.00049,1.00109,1040,54
----Generation 122--------
9,1,1.00035,1.0001,0,0
2,28,1.00035,1.00613,0,0
2,1,1.00049,1.00043,0,0
25,1,1.00049,1.00035,0,0
2,27,1.00035,1.00109,0,0
----Generation 123--------
2,1,1.00463,1.00043,0,0
2,27,1.00035,1.00294,0,0
15,1,1.00035,1.00109,0,0
2,28,1.0039,1.00109,0,0
2,1,1.00049,1.00538,0,0
----Generation 124--------
2,18,1.00035,1.00538,0,0
42,27,1.00463,1.00043,0,0
2,1,1.0039,1.0073,0,0
2,42,1.00035,1.00294,0,0
2,27,1.00634,1.00043,0,0
----Generation 125--------
2,18,1.00035,1.00126,0,0
2,1,1.00035,1.00173,0,0
2,4,1.00634,1.00043,0,0
2,18,1.00558,1.00538,0,0
47,18,1.00035,1.00294,0,0
----Generation 126--------
47,18,1.00249,1.00538,0,0
30,18,1.00035,1.00173,0,0
49,18,1.00035,1.00538,0,0
2,4,1.00219,1.00126,0,0
2,18,1.00035,1.00894,0,0
----Generation 127--------
2,4,1.00706,1.00538,0,0
2,4,1.00035,1.00849,0,0
49,4,1.00219,1.00415,0,0
1,18,1.00035,1.00538,0,0
2,4,1.00219,1.00396,0,0
----Generation 128--------
12,4,1.00219,1.00538,65,19
13,4,1.00219,1.00415,55,22
20,4,1.00219,1.00396,50,41
2,4,1.00219,1.00744,20,1
2,4,1.00219,1.0058,20,1
----Generation 129--------
13,4,1.00219,1.00403,0,0
20,20,1.00219,1.0058,0,0
2,41,1.00219,1.00744,0,0
20,21,1.00219,1.00396,0,0
2,4,1.00219,1.00572,0,0
----Generation 130--------
2,20,1.00397,1.0058,0,0
2,25,1.00219,1.00572,0,0
2,36,1.00219,1.0058,0,0
13,34,1.00219,1.00396,0,0
13,41,1.00771,1.00403,0,0
----Generation 131--------
2,6,1.00219,1.0058,60,3
13,25,1.00219,1.00844,10,4
13,26,1.00219,1.00396,10,4
17,36,1.00219,1.00572,10,4
17,36,1.00219,1.0058,10,4
----Generation 132--------
13,1,1.00219,1.00572,180,16
13,41,1.00219,1.00396,60,3
17,3,1.00219,1.0058,10,11
17,36,1.00656,1.00572,0,0
17,6,1.00493,1.00572,0,0
----Generation 133--------
13,1,1.00219,1.00134,65,23
13,50,1.00219,1.00572,20,1
13,1,1.00219,1.00825,5,2
13,1,1.00219,1.00291,5,4
13,1,1.00219,1.00479,5,2
----Generation 134--------
13,1,1.00139,1.00134,600,93
13,1,1.00219,1.00134,515,65
13,1,1.00219,1.00119,515,71
13,1,1.00219,1.00134,515,65
13,1,1.00219,1.00122,495,71
----Generation 135--------
17,1,1.00219,1.00122,260,46
13,1,1.00219,1.00034,250,91
13,1,1.00219,1.00018,230,109
17,1,1.00219,1.00134,220,39
18,1,1.00219,1.00119,190,48
----Generation 136--------
2,1,1.00219,1.00034,1240,105
17,1,1.00084,1.00134,430,148
17,1,1.00219,1.00163,390,84
3,1,1.00219,1.00018,380,176
36,1,1.00219,1.00122,360,101
----Generation 137--------
2,1,1.00346,1.00034,0,0
2,47,1.00219,1.00018,0,0
2,20,1.00219,1.00134,0,0
17,1,1.00219,1.00155,0,0
2,1,1.00219,1.00645,0,0
----Generation 138--------
2,1,1.00346,1.00034,580,56
2,1,1.00612,1.00034,580,56
2,1,1.00067,1.00645,400,20
10,1,1.00219,1.00155,290,34
2,1,1.00711,1.00018,240,115
----Generation 139--------
2,1,1.00219,1.00248,0,0
2,1,1.00711,1.00297,0,0
28,1,1.00067,1.00034,0,0
10,1,1.00164,1.00155,0,0
10,1,1.00346,1.00381,0,0
----Generation 140--------
3,1,1.00067,1.00034,1270,183
2,1,1.00067,1.00236,445,24
9,1,1.00164,1.00155,340,72
10,1,1.00177,1.00381,295,42
10,1,1.00219,1.00877,175,21
----Generation 141--------
32,1,1.00219,1.00155,0,0
37,1,1.00164,1.00155,0,0
2,1,1.00067,1.00283,0,0
3,28,1.00219,1.00877,0,0
11,1,1.00164,1.00155,0,0
----Generation 142--------
3,1,1.00067,1.00776,605,39
11,1,1.00164,1.0006,360,97
3,1,1.00219,1.00071,360,22
2,1,1.00067,1.00671,240,12
11,1,1.00164,1.00252,200,38
----Generation 143--------
3,1,1.00067,1.00086,1510,114
6,1,1.00067,1.00071,1100,244
5,1,1.00164,1.0006,1030,135
3,1,1.00067,1.00423,990,74
3,1,1.00067,1.00776,990,74
----Generation 144--------
36,1,1.00067,1.00776,0,0
3,50,1.00067,1.00071,0,0
3,1,1.00067,1.00845,0,0
4,1,1.00067,1.00776,0,0
3,18,1.00067,1.00071,0,0
----Generation 145--------
3,1,1.00067,1.00046,195,77
3,1,1.00067,1.00857,135,19
3,1,1.00067,1.0046,135,19
3,1,1.00067,1.00213,135,19
3,1,1.00067,1.00485,135,19
----Generation 146--------
3,1,1.00067,1.00067,1835,174
3,1,1.00067,1.00082,1780,155
3,1,1.00067,1.00058,1750,183
3,1,1.00067,1.0005,1750,191
3,1,1.00059,1.00046,1625,203
----Generation 147--------
3,1,1.00067,1.00067,940,72
3,1,1.00067,1.00082,840,58
3,1,1.00002,1.0005,835,231
3,1,1.00059,1.00841,700,49
3,1,1.00059,1.00848,700,49
----Generation 148--------
3,1,1.00059,1.00046,1670,159
3,1,1.00059,1.00054,1510,143
3,1,1.00067,1.00067,1260,102
3,1,1.00067,1.00082,1180,90
3,1,1.0001,1.00067,1135,236
----Generation 149--------
3,1,1.00059,1.00054,1110,99
3,1,1.00059,1.00045,1090,117
3,1,1.00059,1.00046,1070,115
3,1,1.00045,1.00046,1070,136
3,1,1.00059,1.00022,1065,165
----Generation 150--------
3,1,1.00059,1.00437,0,0
3,1,1.00617,1.00022,0,0
38,1,1.00059,1.00045,0,0
3,1,1.00059,1.00814,0,0
3,1,1.00059,1.00108,0,0
----Generation 151--------
3,1,1.00095,1.00045,925,83
3,1,1.00059,1.00021,910,175
3,1,1.00044,1.00814,775,67
3,1,1.00048,1.00437,765,55
3,1,1.00084,1.00022,765,155
----Generation 152--------
3,1,1.00095,1.00045,450,51
3,1,1.00095,1.00045,450,51
3,1,1.00084,1.00079,425,32
3,1,1.0008,1.00045,410,56
3,1,1.00253,1.00045,360,43
----Generation 153--------
3,1,1.00064,1.00045,775,111
4,1,1.00084,1.00079,675,89
3,1,1.00095,1.00078,670,54
3,1,1.00095,1.00045,570,92
3,1,1.00095,1.00045,570,92
----Generation 154--------
3,1,1.00668,1.00078,0,0
3,1,1.00095,1.00111,0,0
3,1,1.00064,1.00545,0,0
4,39,1.00064,1.00079,0,0
3,1,1.00095,1.00079,0,0
----Generation 155--------
4,1,1.00499,1.00079,0,0
15,1,1.00095,1.00079,0,0
3,1,1.00327,1.00545,0,0
3,39,1.00668,1.00309,0,0
25,1,1.00064,1.00079,0,0
----Generation 156--------
46,1,1.00668,1.00309,0,0
4,47,1.00095,1.00079,0,0
25,1,1.0018,1.00545,0,0
4,1,1.00767,1.00545,0,0
39,1,1.00095,1.00079,0,0
----Generation 157--------
4,1,1.00132,1.00079,855,81
4,1,1.0018,1.00002,780,224
4,1,1.00095,1.00512,550,38
4,1,1.00095,1.00879,550,38
4,1,1.00095,1.0044,550,38
----Generation 158--------
4,1,1.00095,1.00122,980,73
4,1,1.00095,1.00136,940,67
4,1,1.00132,1.00056,865,110
4,1,1.00132,1.00085,850,82
4,1,1.00132,1.00079,830,87
----Generation 159--------
4,6,1.00132,1.00085,0,0
28,1,1.00132,1.00085,0,0
4,19,1.00132,1.00136,0,0
4,28,1.00132,1.00122,0,0
4,1,1.00095,1.00111,0,0
----Generation 160--------
4,1,1.00093,1.00085,645,51
4,1,1.00095,1.00013,485,157
4,1,1.00057,1.00122,390,81
4,1,1.00132,1.00039,385,93
4,1,1.00136,1.00111,325,20
----Generation 161--------
4,35,1.00095,1.00013,0,0
4,1,1.00132,1.00486,0,0
4,1,1.00477,1.00013,0,0
26,1,1.00136,1.00111,0,0
4,13,1.00132,1.00039,0,0
----Generation 162--------
4,20,1.00477,1.00486,0,0
4,1,1.00136,1.00013,0,0
4,13,1.00675,1.00039,0,0
4,13,1.00132,1.00568,0,0
4,29,1.00136,1.00111,0,0
----Generation 163--------
4,1,1.00076,1.00013,260,211
4,1,1.00136,1.00245,260,17
4,1,1.00136,1.00527,200,10
4,1,1.00136,1.00743,200,10
4,1,1.00136,1.00013,160,186
----Generation 164--------
4,1,1.00136,1.00033,1235,178
4,1,1.00076,1.0014,1190,104
4,1,1.00076,1.00013,1160,247
4,1,1.00076,1.00013,1160,247
4,1,1.00136,1.00024,1075,189
----Generation 165--------
4,1,1.0006,1.00033,730,138
4,1,1.00136,1.00033,640,109
4,1,1.00042,1.0014,525,84
4,1,1.00452,1.00033,460,100
4,1,1.0045,1.00033,460,100
----Generation 166--------
4,22,1.00042,1.0014,0,0
4,1,1.00417,1.00033,0,0
4,38,1.00042,1.0014,0,0
4,1,1.00342,1.00033,0,0
4,35,1.0006,1.00033,0,0
----Generation 167--------
4,1,1.0006,1.00872,375,31
4,1,1.00042,1.00152,375,61
4,1,1.00157,1.00033,360,84
4,1,1.00042,1.00192,355,58
4,1,1.0019,1.00033,340,83
----Generation 168--------
4,1,1.0006,1.00872,645,70
4,1,1.0006,1.00538,645,70
4,1,1.0006,1.00292,645,70
4,1,1.0006,1.00409,645,70
4,1,1.00042,1.00072,615,131
----Generation 169--------
4,1,1.0006,1.00051,545,113
2,1,1.00042,1.00409,540,28
4,1,1.0006,1.00108,485,69
4,1,1.0006,1.00102,485,69
4,1,1.00042,1.00047,430,140
----Generation 170--------
3,1,1.0006,1.00051,1070,86
4,1,1.00067,1.00051,810,99
4,1,1.0006,1.00051,790,105
2,1,1.00025,1.00409,770,81
4,1,1.00042,1.00033,685,169
----Generation 171--------
3,1,1.0006,1.00051,1190,94
3,1,1.00019,1.00051,1000,183
4,1,1.00067,1.00051,965,110
4,1,1.00067,1.00051,965,110
2,1,1.00738,1.00033,880,61
----Generation 172--------
24,1,1.0006,1.00051,0,0
3,34,1.00019,1.00051,0,0
3,10,1.0006,1.00051,0,0
50,1,1.0006,1.00051,0,0
31,1,1.00067,1.00033,0,0
----Generation 173--------
2,1,1.0006,1.00051,180,13
2,1,1.0006,1.00051,180,13
3,1,1.00019,1.00758,165,35
3,1,1.0006,1.00126,160,10
3,1,1.00019,1.00051,125,47
----Generation 174--------
3,1,1.0006,1.00051,0,0
2,1,1.0006,1.00693,0,0
3,5,1.0006,1.00051,0,0
27,1,1.00019,1.00126,0,0
2,1,1.00643,1.00051,0,0
----Generation 175--------
2,1,1.00019,1.00055,1530,180
3,1,1.0006,1.00051,1220,144
3,1,1.00072,1.00051,1160,126
2,1,1.00019,1.00403,970,142
2,1,1.0006,1.00062,880,56
----Generation 176--------
2,1,1.0003,1.00055,1145,99
2,1,1.00046,1.00055,1000,54
3,1,1.00057,1.00051,965,104
2,1,1.00019,1.00055,900,163
3,1,1.0006,1.00051,895,99
----Generation 177--------
47,1,1.0003,1.00051,0,0
3,1,1.0003,1.00614,0,0
3,1,1.00771,1.00055,0,0
2,15,1.00057,1.00051,0,0
3,19,1.00057,1.00051,0,0
----Generation 178--------
3,1,1.00045,1.00055,1525,146
3,1,1.00057,1.00492,935,66
3,1,1.00057,1.00689,935,66
3,1,1.00079,1.00614,685,36
3,1,1.0077,1.00055,680,59
----Generation 179--------
3,1,1.00057,1.00064,1585,197
3,1,1.00057,1.00104,1585,165
3,1,1.00057,1.00019,1500,255
3,1,1.00045,1.00055,1495,229
3,1,1.00089,1.00055,1395,164
----Generation 180--------
46,1,1.00045,1.00064,0,0
3,1,1.00057,1.00496,0,0
3,1,1.00599,1.00055,0,0
17,1,1.00057,1.00104,0,0
3,4,1.00057,1.00064,0,0
----Generation 181--------
46,1,1.0007,1.00064,0,0
17,40,1.00057,1.00496,0,0
3,1,1.0013,1.00064,0,0
46,1,1.00347,1.00496,0,0
46,1,1.00057,1.00345,0,0
----Generation 182--------
46,10,1.0007,1.00064,0,0
17,42,1.00057,1.00496,0,0
32,1,1.00347,1.00064,0,0
46,1,1.00751,1.00064,0,0
30,1,1.00347,1.00496,0,0
----Generation 183--------
17,1,1.00751,1.00128,20,23
7,1,1.00057,1.00496,10,65
46,42,1.00483,1.00064,0,0
26,42,1.00347,1.00496,0,0
32,1,1.00347,1.00833,0,0
----Generation 184--------
7,1,1.00057,1.00299,635,101
7,1,1.00057,1.00496,555,97
7,1,1.00057,1.00622,535,96
7,1,1.00057,1.00874,535,96
17,1,1.00152,1.00128,520,100
----Generation 185--------
7,1,1.00057,1.00125,0,0
7,1,1.00057,1.00513,0,0
7,1,1.00057,1.00635,0,0
17,1,1.00057,1.00368,0,0
7,1,1.00057,1.00533,0,0
----Generation 186--------
2,1,1.00057,1.00125,0,0
7,1,1.00057,1.00225,0,0
7,1,1.00057,1.0029,0,0
25,1,1.00057,1.00513,0,0
7,1,1.00057,1.00362,0,0
----Generation 187--------
7,1,1.00168,1.00225,0,0
25,30,1.00057,1.00513,0,0
2,1,1.00057,1.00408,0,0
2,1,1.00057,1.00413,0,0
6,1,1.00057,1.00513,0,0
----Generation 188--------
2,1,1.00057,1.00513,700,35
2,1,1.00057,1.00508,700,35
2,1,1.00057,1.00695,700,35
2,1,1.00057,1.00846,700,35
2,1,1.00057,1.00414,700,35
----Generation 189--------
2,1,1.00057,1.00046,2240,134
2,1,1.00057,1.00056,1720,98
2,1,1.00057,1,1340,302
2,1,1.00057,1.00083,1200,64
3,1,1.00057,1.00508,1175,99
----Generation 190--------
2,1,1.00057,1.00046,2920,190
2,1,1.00057,1.00056,2480,152
3,1,1.00057,1.00171,1870,141
2,1,1.00057,1.00083,1840,100
3,1,1.00057,1.00189,1830,137
----Generation 191--------
3,1,1.00057,1.00083,1470,98
2,1,1.00057,1.00046,1460,89
2,1,1.00057,1.00056,1160,66
3,1,1.00057,1.00129,1050,77
3,1,1.00057,1.00188,950,68
----Generation 192--------
3,38,1.00057,1.00188,0,0
3,1,1.00057,1.00806,0,0
33,1,1.00057,1.00188,0,0
2,1,1.0052,1.00046,0,0
2,1,1.00057,1.00079,0,0
----Generation 193--------
2,38,1.00819,1.00079,0,0
2,8,1.00057,1.00806,0,0
33,38,1.00057,1.00731,0,0
3,38,1.00057,1.00225,0,0
29,1,1.00057,1.00806,0,0
----Generation 194--------
13,38,1.00057,1.00079,0,0
3,8,1.00057,1.00267,0,0
3,38,1.00064,1.00806,0,0
3,31,1.00057,1.00225,0,0
2,8,1.00485,1.00225,0,0
----Generation 195--------
25,38,1.00057,1.00225,0,0
13,48,1.00057,1.00225,0,0
13,15,1.00057,1.00079,0,0
2,8,1.00708,1.00267,0,0
40,8,1.00057,1.00267,0,0
----Generation 196--------
25,8,1.00405,1.00225,40,2
25,8,1.00745,1.00267,40,2
13,38,1.00433,1.00079,20,23
35,38,1.00057,1.00225,20,1
40,8,1.0089,1.00225,20,1
----Generation 197--------
25,38,1.00532,1.00225,60,7
13,36,1.00405,1.00225,40,12
40,49,1.0089,1.00079,20,13
4,8,1.00405,1.00225,20,1
12,38,1.0089,1.00225,20,13
----Generation 198--------
4,31,1.00405,1.00225,0,0
4,49,1.0089,1.00225,0,0
13,36,1.00532,1.00067,0,0
48,38,1.00532,1.00225,0,0
12,41,1.00532,1.00225,0,0
----Generation 199--------
12,41,1.00606,1.00225,20,1
4,18,1.00405,1.00225,20,3
13,49,1.007,1.00225,20,3
4,19,1.00405,1.00225,5,6
48,49,1.00532,1.00866,0,0
----Generation 200--------
4,18,1.00145,1.00225,0,0
12,41,1.00532,1.00447,0,0
12,18,1.00405,1.00822,0,0
11,41,1.00405,1.00225,0,0
12,41,1.00163,1.00225,0,0
----Generation 201--------
12,32,1.00145,1.00447,0,0
6,41,1.00145,1.00225,0,0
12,47,1.00532,1.00447,0,0
14,41,1.00405,1.00822,0,0
12,41,1.00506,1.00447,0,0
----Generation 202--------
6,38,1.00145,1.00447,0,0
14,41,1.00405,1.00746,0,0
17,41,1.00145,1.00822,0,0
12,4,1.00145,1.00822,0,0
19,41,1.00532,1.00447,0,0
----Generation 203--------
12,38,1.00543,1.00447,0,0
17,41,1.00131,1.00447,0,0
19,33,1.00145,1.00822,0,0
19,38,1.00532,1.00447,0,0
17,4,1.00145,1.00019,0,0
----Generation 204--------
19,38,1.00117,1.00447,110,95
17,41,1.00532,1.00552,60,3
19,38,1.00549,1.00447,60,5
19,38,1.0087,1.00447,60,5
12,38,1.00543,1.00899,45,4
----Generation 205--------
11,38,1.00117,1.00447,0,0
19,38,1.00117,1.00751,0,0
17,38,1.00144,1.00552,0,0
19,38,1.0087,1.00727,0,0
20,38,1.0087,1.00447,0,0
----Generation 206--------
11,26,1.00117,1.00447,25,3
11,20,1.00117,1.00727,10,4
19,38,1.003,1.00447,0,0
19,38,1.00536,1.00447,0,0
17,38,1.00144,1.00426,0,0
----Generation 207--------
8,20,1.00117,1.00426,70,29
11,20,1.003,1.00053,60,50
41,26,1.00117,1.00447,45,15
11,26,1.0041,1.00447,40,4
11,26,1.00858,1.00426,20,3
----Generation 208--------
11,2,1.0041,1.00426,80,4
11,31,1.0041,1.00426,60,12
8,26,1.0041,1.00711,40,9
11,26,1.0041,1.00753,25,3
11,26,1.0041,1.00871,25,3
----Generation 209--------
11,26,1.0041,1.00343,90,10
11,28,1.0041,1.00871,85,6
6,31,1.0041,1.00426,80,17
11,34,1.0041,1.00426,70,9
11,31,1.0041,1.00694,70,7
----Generation 210--------
11,34,1.0041,1.00481,0,0
11,31,1.0041,1.00871,0,0
6,28,1.00069,1.00426,0,0
49,31,1.0041,1.00694,0,0
11,39,1.0041,1.00694,0,0
----Generation 211--------
6,42,1.0041,1.00426,20,1
11,16,1.0041,1.00871,0,0
4,34,1.0041,1.00871,0,0
49,31,1.00413,1.00871,0,0
11,50,1.0041,1.00481,0,0
----Generation 212--------
49,50,1.00413,1.00114,0,0
4,31,1.00796,1.00871,0,0
49,31,1.00416,1.00871,0,0
27,50,1.0041,1.00481,0,0
11,50,1.0041,1.00158,0,0
----Generation 213--------
49,31,1.00413,1.00099,40,4
49,31,1.00416,1.0011,20,3
27,50,1.00246,1.00158,20,3
49,31,1.00413,1.00092,20,5
27,50,1.00897,1.00114,20,10
----Generation 214--------
49,16,1.00413,1.00158,0,0
28,31,1.00413,1.00092,0,0
27,50,1.00726,1.00114,0,0
49,31,1.00109,1.00099,0,0
49,31,1.00413,1.00417,0,0
----Generation 215--------
28,48,1.00413,1.00417,20,3
28,31,1.00456,1.00114,0,0
49,31,1.00726,1.00334,0,0
47,50,1.00413,1.00114,0,0
28,31,1.00499,1.00158,0,0
----Generation 216--------
47,7,1.00456,1.00114,0,0
28,31,1.00413,1.00761,0,0
28,31,1.00089,1.00417,0,0
23,31,1.00413,1.00158,0,0
36,31,1.00726,1.00158,0,0
----Generation 217--------
36,31,1.00523,1.00761,0,0
36,31,1.00726,1.0023,0,0
36,7,1.00726,1.00474,0,0
47,31,1.00726,1.00228,0,0
36,31,1.0081,1.00158,0,0
----Generation 218--------
47,31,1.00523,1.00282,0,0
36,12,1.00523,1.00474,0,0
47,10,1.00726,1.00228,0,0
29,31,1.00726,1.00761,0,0
36,31,1.0081,1.00228,0,0
----Generation 219--------
8,12,1.00523,1.00474,0,0
3,12,1.00523,1.00228,0,0
36,31,1.0058,1.00474,0,0
29,31,1.00445,1.00228,0,0
47,10,1.0081,1.00242,0,0
----Generation 220--------
39,12,1.00523,1.00242,0,0
47,12,1.00212,1.00474,0,0
8,10,1.00862,1.00242,0,0
8,10,1.00523,1.00378,0,0
8,13,1.00523,1.00474,0,0
----Generation 221--------
47,12,1.00523,1.00264,20,1
8,34,1.00862,1.00242,0,0
8,42,1.00523,1.00242,0,0
8,6,1.00523,1.00242,0,0
8,35,1.00862,1.00242,0,0
----Generation 222--------
34,34,1.00862,1.00242,0,0
8,34,1.00523,1.00657,0,0
47,49,1.00523,1.00264,0,0
8,28,1.00523,1.00242,0,0
8,23,1.00523,1.00242,0,0
----Generation 223--------
8,23,1.00212,1.00242,50,6
8,23,1.00213,1.00657,50,6
8,23,1.00523,1.00121,40,4
8,28,1.00266,1.00264,30,5
8,34,1.00207,1.00657,25,10
----Generation 224--------
33,23,1.00207,1.00657,35,7
8,23,1.00308,1.00657,25,3
38,28,1.00212,1.00264,20,1
48,34,1.00207,1.00264,15,6
8,8,1.00213,1.00657,0,0
----Generation 225--------
8,23,1.0076,1.00264,0,0
48,28,1.00212,1.00082,0,0
48,23,1.00207,1.00804,0,0
8,23,1.00876,1.00657,0,0
48,34,1.00213,1.00223,0,0
----Generation 226--------
48,28,1.00882,1.00223,0,0
48,34,1.00213,1.00276,0,0
48,49,1.00213,1.00223,0,0
48,28,1.00212,1.00542,0,0
19,23,1.00213,1.00223,0,0
----Generation 227--------
27,49,1.00213,1.00223,20,2
19,34,1.00485,1.00276,20,3
27,49,1.00213,1.00223,20,2
8,23,1.00213,1.00223,15,22
48,28,1.00882,1.00223,0,0
----Generation 228--------
27,49,1.00213,1.00651,40,9
8,23,1.00213,1.00503,30,19
27,49,1.00213,1.00298,20,13
27,17,1.00213,1.00223,10,4
19,28,1.00882,1.00304,0,0
----Generation 229--------
3,28,1.00882,1.00651,0,0
8,23,1.00763,1.00503,0,0
12,23,1.00213,1.00298,0,0
27,5,1.00213,1.00651,0,0
27,24,1.00213,1.00503,0,0
----Generation 230--------
12,45,1.00213,1.00651,90,15
8,46,1.00213,1.00503,50,20
5,23,1.00213,1.00298,25,10
27,5,1.00578,1.00298,20,1
3,28,1.00228,1.00651,5,16
----Generation 231--------
12,45,1.00213,1.00651,25,3
9,28,1.00213,1.00651,25,3
12,45,1.00213,1.00651,25,3
12,50,1.00578,1.00298,20,2
12,23,1.00213,1.00134,20,4
----Generation 232--------
22,28,1.00213,1.00651,0,0
12,20,1.00578,1.00298,0,0
12,19,1.00213,1.00651,0,0
12,45,1.00213,1.00651,0,0
1,45,1.00213,1.00651,0,0
----Generation 233--------
42,19,1.00213,1.00651,120,97
42,20,1.00578,1.00651,115,25
29,19,1.00213,1.00298,105,50
12,7,1.00213,1.00298,65,23
48,28,1.00213,1.00651,65,75
----Generation 234--------
42,10,1.00213,1.00651,0,0
42,23,1.00578,1.00651,0,0
42,10,1.00213,1.00298,0,0
43,7,1.00213,1.00651,0,0
29,20,1.00879,1.00651,0,0
----Generation 235--------
42,23,1.0005,1.00651,0,0
42,10,1.00044,1.00651,0,0
42,10,1.00578,1.00741,0,0
29,7,1.00799,1.00651,0,0
42,49,1.00213,1.00651,0,0
----Generation 236--------
42,49,1.00213,1.00553,0,0
42,10,1.00223,1.00651,0,0
1,7,1.00044,1.00651,0,0
29,7,1.0068,1.00651,0,0
39,49,1.00044,1.00651,0,0
----Generation 237--------
24,10,1.00213,1.00553,170,33
42,7,1.0068,1.00169,160,42
14,7,1.00223,1.00651,110,23
39,43,1.00044,1.00651,55,8
42,49,1.00213,1.00168,40,8
----Generation 238--------
42,8,1.00213,1.00169,0,0
14,7,1.00044,1.00071,0,0
15,49,1.0068,1.00169,0,0
14,12,1.00223,1.00651,0,0
24,7,1.00213,1.00612,0,0
----Generation 239--------
14,12,1.00223,1.00099,0,0
42,8,1.00518,1.00169,0,0
30,7,1.00223,1.00651,0,0
24,7,1.00494,1.00071,0,0
15,7,1.0068,1.00169,0,0
----Generation 240--------
14,7,1.00657,1.00099,0,0
24,7,1.00235,1.00071,0,0
38,7,1.00223,1.00169,0,0
42,7,1.0068,1.00336,0,0
14,12,1.00223,1.00767,0,0
----Generation 241--------
14,1,1.00223,1.00336,425,69
24,17,1.00235,1.00071,175,42
14,7,1.00235,1.00686,135,19
24,7,1.00272,1.00336,130,31
24,12,1.00235,1.00682,125,22
----Generation 242--------
14,1,1.00223,1.00118,510,82
14,1,1.00089,1.00071,425,178
14,1,1.00223,1.0017,370,55
14,1,1.00103,1.00336,360,91
14,1,1.00223,1.00336,310,35
----Generation 243--------
23,1,1.00089,1.00118,0,0
14,38,1.00103,1.00336,0,0
14,1,1.00103,1.00048,0,0
14,1,1.00089,1.00893,0,0
20,1,1.00223,1.00071,0,0
----Generation 244--------
20,1,1.00275,1.00893,0,0
23,44,1.00089,1.00893,0,0
20,1,1.00789,1.00071,0,0
29,1,1.00223,1.00048,0,0
34,1,1.00089,1.00893,0,0
----Generation 245--------
23,1,1.00305,1.00893,350,36
20,1,1.00275,1.00893,340,39
20,1,1.00275,1.00815,340,39
14,1,1.00089,1.00893,330,110
20,1,1.00275,1.00048,320,92
----Generation 246--------
4,1,1.00089,1.00893,790,50
4,1,1.00305,1.00048,560,90
10,1,1.00089,1.00048,385,234
20,1,1.0021,1.00893,330,55
23,1,1.00148,1.00815,325,88
----Generation 247--------
20,1,1.0021,1.00533,0,0
23,1,1.00769,1.00815,0,0
23,1,1.00305,1.00358,0,0
31,1,1.0021,1.00893,0,0
20,13,1.00148,1.00893,0,0
----Generation 248--------
15,1,1.0021,1.00533,380,56
23,1,1.00293,1.00358,350,49
23,1,1.00305,1.00724,310,33
18,1,1.00305,1.00533,285,30
19,1,1.00305,1.00533,285,30
----Generation 249--------
19,1,1.00305,1.00334,0,0
15,1,1.00677,1.00533,0,0
22,1,1.00305,1.00533,0,0
19,1,1.00305,1.00369,0,0
18,1,1.00265,1.00533,0,0
----Generation 250--------
18,1,1.00105,1.00369,0,0
18,1,1.00305,1.00163,0,0
39,1,1.00265,1.00533,0,0
15,1,1.00463,1.00533,0,0
19,1,1.00305,1.00042,0,0
----Generation 251--------
15,1,1.00305,1.00151,0,0
39,1,1.00209,1.00163,0,0
1,1,1.00305,1.00163,0,0
15,1,1.00265,1.00512,0,0
18,1,1.00305,1.00701,0,0
----Generation 252--------
9,1,1.00209,1.00701,105,7
8,1,1.00305,1.00151,100,5
18,1,1.00162,1.00701,65,5
39,1,1.00209,1.00163,60,4
39,1,1.00209,1.00163,60,4
----Generation 253--------
9,1,1.00209,1.00745,0,0
18,40,1.00305,1.00701,0,0
50,1,1.00209,1.00701,0,0
18,1,1.00209,1.00488,0,0
18,18,1.00305,1.00701,0,0
----Generation 254--------
9,1,1.00209,1.00373,145,16
8,1,1.00209,1.00701,140,14
9,1,1.00209,1.00745,125,15
9,1,1.00209,1.00795,125,15
9,1,1.00209,1.00624,125,15
----Generation 255--------
9,1,1.00209,1.00114,380,24
9,1,1.00081,1.00624,190,34
9,1,1.00143,1.00624,145,9
9,1,1.00121,1.00701,115,18
9,1,1.00063,1.00624,70,49
----Generation 256--------
40,1,1.00143,1.00624,0,0
9,1,1.00081,1.00099,0,0
9,26,1.00209,1.00114,0,0
9,30,1.00143,1.00624,0,0
9,49,1.00121,1.00114,0,0
----Generation 257--------
9,1,1.00143,1.00106,1115,261
9,1,1.00081,1.00099,1065,335
9,1,1.00143,1.0015,1035,227
9,1,1.00143,1.00283,995,171
9,1,1.00159,1.00099,970,255
----Generation 258--------
9,1,1.00159,1.00204,0,0
23,1,1.00143,1.00283,0,0
9,32,1.00159,1.00099,0,0
9,1,1.00565,1.00099,0,0
50,1,1.00143,1.00099,0,0
----Generation 259--------
9,21,1.00159,1.00099,0,0
9,1,1.00143,1.00129,0,0
9,27,1.00159,1.00099,0,0
9,32,1.00222,1.00283,0,0
9,32,1.00159,1.00565,0,0
----Generation 260--------
9,1,1.00085,1.00283,500,60
9,1,1.00143,1.00129,500,65
9,1,1.00213,1.00099,425,73
19,1,1.00143,1.00099,370,94
9,1,1.00143,1.00419,340,31
----Generation 261--------
9,1,1.00143,1.00576,0,0
9,1,1.0011,1.00419,0,0
1,1,1.00143,1.00283,0,0
19,1,1.00143,1.00612,0,0
15,1,1.00213,1.00099,0,0
----Generation 262--------
19,1,1.0011,1.00283,350,63
19,1,1.00143,1.00145,340,95
19,1,1.00143,1.00143,340,95
9,1,1.00044,1.00419,320,83
9,1,1.0011,1.00419,320,39
----Generation 263--------
19,1,1.00827,1.00419,0,0
19,9,1.0011,1.00283,0,0
9,31,1.00044,1.00419,0,0
9,10,1.00143,1.00419,0,0
19,1,1.0011,1.00779,0,0
----Generation 264--------
19,1,1.0011,1.00323,0,0
19,26,1.00827,1.00419,0,0
9,33,1.00044,1.00419,0,0
9,31,1.0011,1.00353,0,0
9,17,1.00044,1.00419,0,0
----Generation 265--------
9,1,1.00044,1.00248,0,0
19,31,1.0011,1.0089,0,0
19,1,1.00044,1.00473,0,0
9,17,1.0011,1.00323,0,0
34,17,1.00044,1.00419,0,0
----Generation 266--------
2,1,1.00044,1.0089,685,51
9,1,1.0011,1.00015,420,157
9,1,1.0011,1.00551,360,60
9,1,1.0011,1.00528,360,60
9,1,1.00044,1.00248,275,114
----Generation 267--------
9,5,1.0011,1.0089,0,0
9,19,1.00044,1.00551,0,0
9,1,1.0014,1.00528,0,0
42,1,1.00044,1.00528,0,0
9,38,1.00044,1.00248,0,0
----Generation 268--------
3,1,1.00044,1.00528,570,55
42,1,1.00485,1.00248,125,42
9,1,1.00238,1.00528,115,11
9,1,1.0014,1.00667,95,24
9,1,1.0014,1.00747,95,24
----Generation 269--------
3,1,1.00563,1.00528,0,0
9,1,1.00238,1.0088,0,0
9,1,1.00199,1.00248,0,0
9,1,1.0014,1.00096,0,0
29,1,1.0014,1.00747,0,0
----Generation 270--------
3,1,1.00041,1.00528,1735,190
9,1,1.0014,1.00152,935,188
8,1,1.0014,1.00248,845,120
9,1,1.0014,1.00261,795,125
9,1,1.0014,1.00624,775,100
----Generation 271--------
3,1,1.00041,1.00048,1800,239
3,1,1.00041,1.00412,1305,146
3,1,1.00041,1.00528,1305,144
3,1,1.00041,1.002,1285,149
3,1,1.0014,1.00152,460,31
----Generation 272--------
3,1,1.00041,1.00048,940,103
3,1,1.00041,1.00048,940,103
3,1,1.00352,1.00048,620,51
3,1,1.00392,1.00048,620,51
3,1,1.0065,1.00048,620,51
----Generation 273--------
3,1,1.00392,1.00543,0,0
3,1,1.00529,1.00048,0,0
3,29,1.0065,1.00048,0,0
3,1,1.00041,1.00254,0,0
3,16,1.00352,1.00048,0,0
----Generation 274--------
3,1,1.00041,1.00201,295,27
3,1,1.00044,1.00254,280,21
3,1,1.0006,1.00543,265,15
3,1,1.00854,1.00048,200,31
3,1,1.00192,1.00048,200,31
----Generation 275--------
3,1,1.0006,1.0007,1960,192
3,1,1.00042,1.00048,1790,245
4,1,1.00041,1.00048,1515,269
3,1,1.00041,1.00002,1480,307
3,1,1.00041,1.00157,1370,175
----Generation 276--------
3,1,1.0006,1.0007,480,75
3,1,1.0006,1.001,405,59
3,1,1.00042,1.00048,390,130
3,1,1.0006,1.00718,345,54
3,1,1.0006,1.00386,345,54
----Generation 277--------
3,1,1.0006,1.00055,1085,102
3,1,1.0006,1.0007,1025,84
3,1,1.0006,1.0007,1025,84
3,1,1.0006,1.00038,980,140
3,1,1.0006,1.00042,905,127
----Generation 278--------
44,1,1.0006,1.00038,0,0
3,1,1.0006,1.00513,0,0
50,1,1.0006,1.00038,0,0
37,1,1.0006,1.0007,0,0
3,1,1.00501,1.0007,0,0
----Generation 279--------
3,1,1.0006,1.00215,2060,138
3,1,1.0006,1.00513,2000,135
3,1,1.0006,1.00664,2000,135
2,1,1.0006,1.0007,1900,113
7,1,1.0006,1.0007,1385,340
----Generation 280--------
2,16,1.0006,1.00215,0,0
3,1,1.0006,1.00429,0,0
49,1,1.0006,1.00513,0,0
3,1,1.0006,1.00752,0,0
3,1,1.0006,1.00482,0,0
----Generation 281--------
3,1,1.00047,1.00429,1475,122
3,1,1.0006,1.00263,1290,98
3,1,1.0006,1.00397,1290,96
3,1,1.0006,1.0036,1290,96
3,1,1.0006,1.00659,1270,95
----Generation 282--------
30,1,1.00047,1.00429,0,0
3,16,1.0006,1.00263,0,0
4,1,1.0006,1.00263,0,0
3,1,1.0006,1.00208,0,0
3,1,1.0006,1.00839,0,0
----Generation 283--------
3,1,1.00673,1.00208,0,0
30,1,1.00777,1.00208,0,0
30,16,1.00047,1.00263,0,0
45,16,1.00047,1.00429,0,0
30,40,1.0006,1.00429,0,0
----Generation 284--------
30,1,1.00047,1.00004,0,0
30,1,1.00673,1.00625,0,0
12,16,1.00047,1.00208,0,0
3,16,1.00673,1.00575,0,0
33,40,1.00673,1.00429,0,0
----Generation 285--------
33,25,1.00047,1.00429,0,0
30,16,1.00047,1.00136,0,0
34,1,1.00673,1.00004,0,0
3,16,1.0033,1.00429,0,0
10,16,1.00047,1.00575,0,0
----Generation 286--------
25,1,1.0033,1.00429,115,18
33,1,1.00855,1.00429,40,6
10,1,1.00441,1.00575,20,1
17,16,1.00047,1.00575,0,0
34,27,1.00673,1.00429,0,0
----Generation 287--------
10,1,1.00146,1.00429,60,17
10,1,1.0085,1.00429,40,2
10,1,1.00855,1.00429,40,2
34,37,1.00047,1.00575,40,2
10,1,1.00516,1.00429,40,2
----Generation 288--------
10,1,1.00516,1.00763,0,0
34,37,1.00081,1.00575,0,0
10,48,1.0085,1.00429,0,0
10,33,1.00516,1.00429,0,0
10,1,1.00198,1.00429,0,0
----Generation 289--------
6,1,1.00081,1.00575,290,47
10,1,1.00198,1.00117,220,48
19,33,1.00081,1.00429,145,24
10,1,1.00198,1.00186,140,25
10,1,1.00516,1.00166,120,10
----Generation 290--------
4,1,1.00081,1.00117,545,59
6,1,1.00081,1.00146,220,77
6,1,1.00081,1.00575,180,45
10,1,1.00198,1.003,115,25
7,1,1.00198,1.00117,110,50
----Generation 291--------
4,1,1.00081,1.00117,405,39
4,1,1.00081,1.00309,405,29
4,1,1.00081,1.00585,385,28
4,1,1.00081,1.00516,385,28
6,1,1.00121,1.003,335,22
----Generation 292--------
4,1,1.00049,1.00309,475,36
6,1,1.00081,1.00895,330,27
6,1,1.00081,1.00665,330,27
6,1,1.00081,1.00256,330,29
6,1,1.00081,1.00757,330,27
----Generation 293--------
4,1,1.00081,1.00858,0,0
6,49,1.00081,1.00895,0,0
16,1,1.00081,1.00256,0,0
6,1,1.00049,1.00392,0,0
27,1,1.00081,1.00665,0,0
----Generation 294--------
6,1,1.00081,1.00131,0,0
6,1,1.00049,1.0014,0,0
7,1,1.00081,1.00895,0,0
2,1,1.00081,1.00665,0,0
4,1,1.00593,1.00858,0,0
----Generation 295--------
6,1,1.0005,1.0014,0,0
37,1,1.00049,1.00665,0,0
4,1,1.00593,1.00185,0,0
6,1,1.00081,1.00173,0,0
4,49,1.00593,1.00131,0,0
----Generation 296--------
4,1,1.0005,1.0032,340,36
6,1,1.00049,1.0014,305,47
6,1,1.00081,1.00173,295,27
6,1,1.0005,1.0014,285,45
6,1,1.00081,1.00229,255,25
----Generation 297--------
4,1,1.00081,1.00029,705,164
6,1,1.00081,1.00055,650,155
4,1,1.0005,1.0032,635,94
6,1,1.00049,1.00072,540,184
6,1,1.00081,1.00134,470,86
----Generation 298--------
3,1,1.0005,1.00072,825,86
4,1,1.00081,1.00029,685,140
6,1,1.00081,1.00072,635,101
6,1,1.00081,1.00055,615,128
4,1,1.00117,1.00029,605,130
----Generation 299--------
4,1,1.00117,1.00105,0,0
19,1,1.0005,1.00029,0,0
22,1,1.00117,1.00072,0,0
4,1,1.0005,1.00072,0,0
6,8,1.00081,1.00055,0,0
----Generation 300--------
4,1,1.0005,1.00076,2625,318
4,1,1.00117,1.00105,2420,161
4,1,1.00081,1.00118,2240,190
4,1,1.00083,1.00029,2190,324
4,1,1.00189,1.00072,1860,163
----Generation 301--------
4,1,1.0005,1.00053,835,87
4,1,1.0005,1.00072,655,74
4,1,1.0005,1.00076,615,70
4,1,1.00066,1.00072,475,58
4,1,1.0005,1.00529,440,43
----Generation 302--------
4,1,1.00066,1.0006,1990,272
4,1,1.0005,1.00072,1930,284
4,1,1.00064,1.00072,1930,256
4,1,1.0005,1.00072,1930,284
4,1,1.0005,1.00072,1930,284
----Generation 303--------
3,1,1.00064,1.00072,1365,93
4,1,1.00066,1.0006,1115,139
4,1,1.0005,1.00072,1025,149
4,1,1.00042,1.00072,990,163
4,1,1.0005,1.00076,985,144
----Generation 304--------
4,1,1.0005,1.00138,495,50
3,1,1.0005,1.00026,485,90
3,1,1.0004,1.00076,470,50
3,1,1.00064,1.00128,465,25
3,1,1.00042,1.00038,450,72
----Generation 305--------
3,34,1.0005,1.00026,0,0
3,18,1.00064,1.00128,0,0
3,26,1.00042,1.00038,0,0
48,1,1.00064,1.00138,0,0
3,32,1.00042,1.00038,0,0
----Generation 306--------
3,1,1.00034,1.00038,400,70
3,1,1.00064,1.00038,370,50
3,1,1.0045,1.00038,240,40
3,1,1.00064,1.00618,130,10
8,1,1.00064,1.00038,125,87
----Generation 307--------
3,11,1.00034,1.00618,0,0
8,21,1.00064,1.00038,0,0
46,1,1.00064,1.00038,0,0
3,1,1.00299,1.00038,0,0
3,1,1.004,1.00038,0,0
----Generation 308--------
3,1,1.00064,1.00161,975,71
2,1,1.004,1.00038,780,83
3,1,1.00064,1.00787,775,59
3,1,1.00064,1.00807,775,59
3,1,1.00064,1.00622,775,59
----Generation 309--------
3,1,1.00064,1.00054,795,55
3,1,1.00064,1.00059,715,50
3,1,1.00059,1.00038,685,83
2,1,1.00156,1.00038,500,28
2,1,1.00064,1.00026,460,66
----Generation 310--------
3,1,1.00059,1.00503,0,0
3,1,1.00087,1.00038,0,0
2,1,1.00156,1.00482,0,0
3,1,1.00419,1.00059,0,0
3,1,1.00064,1.00402,0,0
----Generation 311--------
3,1,1.0005,1.00059,1155,83
3,1,1.00064,1.00043,1105,98
3,1,1.00069,1.00059,1090,64
3,1,1.00073,1.00059,1045,60
3,1,1.00087,1.00038,880,96
----Generation 312--------
19,1,1.00087,1.00043,0,0
3,1,1.00205,1.00059,0,0
19,1,1.00073,1.00059,0,0
3,1,1.00073,1.00457,0,0
3,1,1.00821,1.00059,0,0
----Generation 313--------
19,1,1.0009,1.00059,0,0
19,1,1.00027,1.00043,0,0
19,1,1.00087,1.00794,0,0
19,1,1.00087,1.00093,0,0
3,1,1.00073,1.00282,0,0
----Generation 314--------
19,19,1.00073,1.00059,0,0
28,1,1.0009,1.00059,0,0
19,26,1.00087,1.00093,0,0
19,49,1.0009,1.00794,0,0
20,1,1.00073,1.00093,0,0
----Generation 315--------
6,1,1.00073,1.00794,845,121
10,1,1.00073,1.00059,580,259
19,1,1.00073,1.00201,255,193
28,1,1.00087,1.00156,165,185
32,1,1.00073,1.00093,140,210
----Generation 316--------
19,36,1.00073,1.00201,0,0
12,1,1.00073,1.00794,0,0
28,1,1.00087,1.00687,0,0
10,3,1.00073,1.00794,0,0
6,1,1.00073,1.00098,0,0
----Generation 317--------
10,1,1.00556,1.00794,0,0
6,45,1.00073,1.00201,0,0
28,25,1.00073,1.00687,0,0
19,36,1.00073,1.00131,0,0
12,44,1.00073,1.00201,0,0
----Generation 318--------
10,1,1.00073,1.00794,300,46
10,1,1.00073,1.00643,300,46
6,1,1.00404,1.00201,160,16
10,1,1.00207,1.00794,145,9
6,1,1.00556,1.00131,140,23
----Generation 319--------
10,33,1.00073,1.00794,0,0
39,1,1.00404,1.00794,0,0
10,1,1.00207,1.0083,0,0
10,1,1.00011,1.00794,0,0
23,1,1.00207,1.00794,0,0
----Generation 320--------
10,1,1.00404,1.00141,220,15
10,1,1.00148,1.0083,85,13
10,1,1.00207,1.00225,60,5
10,1,1.00207,1.00342,60,3
10,1,1.00207,1.00422,40,2
----Generation 321--------
10,1,1.00207,1.00048,340,95
10,1,1.00115,1.00225,330,62
10,1,1.00207,1.00001,320,130
10,1,1.00181,1.00225,295,34
10,1,1.00148,1.00719,295,48
----Generation 322--------
26,1,1.00207,1.00048,0,0
32,1,1.00207,1.00048,0,0
10,1,1.00232,1.00719,0,0
17,1,1.00148,1.00719,0,0
10,1,1.00755,1.00048,0,0
----Generation 323--------
32,1,1.00582,1.00048,0,0
32,1,1.00207,1.00351,0,0
17,1,1.00148,1.00115,0,0
26,1,1.00447,1.00719,0,0
10,1,1.00232,1.00201,0,0
----Generation 324--------
32,1,1.00582,1.00525,0,0
17,8,1.00148,1.00719,0,0
30,1,1.00232,1.00351,0,0
27,1,1.00447,1.00719,0,0
10,1,1.00232,1.00612,0,0
----Generation 325--------
17,1,1.00148,1.00716,0,0
27,1,1.00287,1.00351,0,0
30,40,1.00232,1.00351,0,0
30,8,1.0049,1.00351,0,0
30,1,1.00219,1.00351,0,0
----Generation 326--------
27,1,1.00287,1.00067,140,61
17,1,1.00232,1.00201,125,44
27,1,1.00287,1.00351,120,17
17,1,1.00232,1.00216,105,40
30,1,1.00412,1.00351,80,10
----Generation 327--------
5,1,1.00287,1.00067,460,73
17,1,1.0019,1.00351,310,61
17,1,1.00208,1.00351,295,55
17,1,1.00232,1.00407,295,48
17,1,1.00232,1.00402,295,48
----Generation 328--------
17,9,1.0019,1.00351,0,0
17,1,1.00704,1.00407,0,0
32,1,1.00232,1.00067,0,0
45,1,1.0019,1.00351,0,0
17,1,1.00208,1.00596,0,0
----Generation 329--------
8,1,1.00232,1.00067,555,102
17,1,1.0019,1.00142,400,82
17,1,1.0019,1.00729,320,44
16,1,1.0019,1.00351,305,47
9,1,1.0019,1.00351,290,32
----Generation 330--------
9,1,1.0019,1.00351,240,14
10,1,1.0019,1.00351,220,17
9,1,1.00196,1.00351,220,13
6,1,1.0019,1.00067,200,74
8,1,1.0019,1.00061,160,84
----Generation 331--------
5,1,1.0019,1.00067,480,36
4,1,1.0019,1.00067,440,34
6,1,1.00444,1.00067,360,46
6,1,1.00216,1.00067,360,46
9,1,1.0019,1.00131,320,18
----Generation 332--------
6,1,1.00072,1.00067,680,113
6,1,1.0019,1.00071,430,47
6,1,1.00158,1.00067,400,57
6,1,1.00186,1.00067,370,52
5,1,1.0019,1.00067,345,41
----Generation 333--------
4,1,1.00158,1.00067,0,0
11,1,1.00158,1.00071,0,0
44,1,1.0019,1.00071,0,0
50,1,1.00158,1.00067,0,0
5,44,1.0019,1.00067,0,0
----Generation 334--------
4,1,1.00137,1.00067,225,42
4,1,1.00024,1.00071,200,113
4,1,1.00158,1.00067,180,38
4,1,1.00683,1.00067,180,38
4,1,1.0063,1.00067,180,38
----Generation 335--------
4,1,1.0006,1.00067,490,49
4,1,1.00044,1.00067,435,62
4,1,1.00137,1.00067,260,27
4,1,1.00123,1.00067,245,28
4,1,1.00137,1.00176,180,9
----Generation 336--------
4,1,1.00106,1.00067,380,53
2,1,1.0006,1.00067,320,18
4,1,1.0006,1.00067,240,83
6,1,1.00137,1.00176,215,16
4,1,1.0006,1.00415,180,53
----Generation 337--------
4,1,1.00074,1.00067,1370,109
4,1,1.0006,1.0002,1305,220
4,1,1.0006,1.0031,1045,82
4,1,1.0006,1.0039,1045,82
4,1,1.0006,1.0071,1045,82
----Generation 338--------
4,1,1.00074,1.00067,515,80
4,1,1.00074,1.00059,515,90
4,1,1.0006,1.00102,475,66
4,1,1.0006,1.00873,440,57
4,1,1.0006,1.00331,440,57
----Generation 339--------
33,1,1.0006,1.00059,0,0
4,1,1.00464,1.00331,0,0
4,14,1.00074,1.00059,0,0
14,1,1.0006,1.00873,0,0
15,1,1.0006,1.00873,0,0
----Generation 340--------
33,20,1.0006,1.00873,0,0
14,1,1.0006,1.00742,0,0
33,1,1.0006,1.0015,0,0
10,1,1.0006,1.00873,0,0
14,1,1.00833,1.00873,0,0
----Generation 341--------
5,1,1.0006,1.00742,1100,202
10,1,1.00095,1.0015,540,302
14,1,1.0023,1.00873,445,101
10,1,1.0006,1.00598,445,227
10,1,1.0006,1.00873,445,227
----Generation 342--------
4,1,1.0006,1.00873,1195,135
5,1,1.0006,1.00061,905,310
5,1,1.00095,1.00545,805,84
5,1,1.0006,1.00742,790,162
5,1,1.0006,1.00627,790,162
----Generation 343--------
4,14,1.0006,1.00873,0,0
5,1,1.00768,1.00545,0,0
5,41,1.0006,1.00061,0,0
5,37,1.00095,1.00742,0,0
5,1,1.00555,1.00627,0,0
----Generation 344--------
5,41,1.00743,1.00742,0,0
5,40,1.0006,1.00873,0,0
5,1,1.0006,1.00791,0,0
19,1,1.00555,1.00061,0,0
4,29,1.00768,1.00545,0,0
----Generation 345--------
5,1,1.0008,1.00061,630,102
4,1,1.00828,1.00061,500,61
2,1,1.0006,1.00791,360,18
5,1,1.00631,1.00061,340,67
5,1,1.00061,1.00742,250,52
----Generation 346--------
5,1,1.0008,1.00061,905,125
2,1,1.0006,1.00005,800,198
4,1,1.0008,1.00827,595,42
5,1,1.0006,1.00476,585,89
2,1,1.0006,1.00072,580,33
----Generation 347--------
2,1,1.0006,1.00812,0,0
4,14,1.0006,1.00827,0,0
2,5,1.0006,1.00061,0,0
5,1,1.00409,1.00476,0,0
2,31,1.0008,1.00061,0,0
----Generation 348--------
5,1,1.00589,1.00812,0,0
5,50,1.00409,1.00476,0,0
2,9,1.0006,1.00061,0,0
14,31,1.0008,1.00812,0,0
34,5,1.0006,1.00476,0,0
----Generation 349--------
5,1,1.00589,1.00472,0,0
19,5,1.0006,1.00476,0,0
38,9,1.0006,1.00061,0,0
5,12,1.00589,1.00476,0,0
14,34,1.0008,1.00476,0,0
----Generation 350--------
14,5,1.0008,1.00397,0,0
38,12,1.0006,1.00472,0,0
5,12,1.00589,1.00048,0,0
19,19,1.00589,1.00476,0,0
6,5,1.00589,1.00476,0,0
----Generation 351--------
14,5,1.00099,1.00476,0,0
6,50,1.00589,1.00048,0,0
38,19,1.00589,1.00472,0,0
19,5,1.001,1.00476,0,0
6,9,1.0006,1.00472,0,0
----Generation 352--------
38,19,1.00555,1.00472,0,0
38,19,1.001,1.00703,0,0
26,19,1.00099,1.00472,0,0
6,19,1.00618,1.00472,0,0
6,50,1.00099,1.00769,0,0
----Generation 353--------
6,19,1.00618,1.00107,80,6
6,19,1.00099,1.00096,80,6
6,19,1.00555,1.00077,40,11
6,19,1.00099,1.00244,0,0
6,27,1.00618,1.00703,0,0
----Generation 354--------
6,19,1.00313,1.00244,65,13
34,19,1.00618,1.00107,60,35
6,19,1.00458,1.00244,60,11
6,19,1.00704,1.00244,60,11
39,19,1.00618,1.00244,40,8
----Generation 355--------
34,2,1.00618,1.00107,60,6
6,19,1.00156,1.00244,30,5
39,19,1.00517,1.00107,20,2
34,19,1.00618,1.00136,20,1
32,19,1.00618,1.00107,20,3
----Generation 356--------
39,46,1.00517,1.00107,0,0
34,49,1.00156,1.00244,0,0
6,19,1.0069,1.00107,0,0
18,2,1.00618,1.00107,0,0
6,20,1.00156,1.00107,0,0
----Generation 357--------
37,2,1.00618,1.00107,120,71
31,2,1.00156,1.00107,75,118
6,46,1.00517,1.00692,65,12
18,2,1.00897,1.00107,60,71
39,26,1.00517,1.00107,40,12
----Generation 358--------
6,15,1.00156,1.00692,40,9
21,46,1.00156,1.00692,30,6
31,2,1.00897,1.00148,20,25
26,2,1.00517,1.00107,20,41
18,2,1.00225,1.00107,5,36
----Generation 359--------
18,2,1.00225,1.00088,0,0
46,15,1.00156,1.00692,0,0
48,2,1.00225,1.00107,0,0
6,2,1.00897,1.00519,0,0
4,2,1.00517,1.00107,0,0
----Generation 360--------
18,47,1.00225,1.00088,105,35
6,15,1.00156,1.00453,55,8
18,29,1.00156,1.00692,30,5
48,2,1.00517,1.00458,20,1
18,2,1.0018,1.00692,20,22
----Generation 361--------
48,47,1.00517,1.00611,0,0
18,15,1.0018,1.00033,0,0
18,47,1.00156,1.00818,0,0
18,1,1.0018,1.00453,0,0
6,9,1.00517,1.00453,0,0
----Generation 362--------
18,1,1.00156,1.00265,205,19
18,1,1.0018,1.00785,120,13
18,44,1.0018,1.00033,100,44
18,1,1.00239,1.00818,100,5
18,1,1.00122,1.00453,55,30
----Generation 363--------
18,1,1.00156,1.00387,0,0
18,1,1.00156,1.00199,0,0
18,8,1.00156,1.00785,0,0
18,1,1.0018,1.0077,0,0
7,1,1.00156,1.00265,0,0
----Generation 364--------
7,1,1.00156,1.00882,380,40
10,1,1.00156,1.00265,370,61
8,1,1.00156,1.00785,355,44
18,1,1.00156,1.00038,325,171
10,1,1.0018,1.0077,310,40
----Generation 365--------
4,1,1.00156,1.00038,905,249
10,1,1.00156,1.00265,745,115
10,1,1.00156,1.00265,745,115
7,1,1.00156,1.00599,725,59
9,1,1.00156,1.00882,715,76
----Generation 366--------
4,1,1.00085,1.00599,245,14
7,1,1.00112,1.00882,200,24
23,1,1.00156,1.00882,120,20
10,1,1.00156,1.0049,115,18
10,1,1.00156,1.00554,115,18
----Generation 367--------
39,1,1.00112,1.00882,0,0
7,6,1.00156,1.0049,0,0
10,10,1.00156,1.00554,0,0
13,1,1.00156,1.00554,0,0
4,1,1.00596,1.00599,0,0
----Generation 368--------
4,41,1.00596,1.0049,0,0
33,1,1.00156,1.00554,0,0
15,6,1.00156,1.0049,0,0
19,1,1.00156,1.0049,0,0
44,1,1.00112,1.00882,0,0
----Generation 369--------
44,33,1.00156,1.00882,0,0
15,1,1.00444,1.00882,0,0
19,41,1.00458,1.0049,0,0
44,1,1.00207,1.00882,0,0
44,1,1.00324,1.0049,0,0
----Generation 370--------
44,29,1.00156,1.00882,0,0
19,1,1.00458,1.00621,0,0
19,1,1.00458,1.0052,0,0
15,1,1.00321,1.00882,0,0
19,31,1.00324,1.0049,0,0
----Generation 371--------
10,1,1.00156,1.0052,325,62
7,1,1.00321,1.00882,220,11
19,1,1.00324,1.00244,195,34
19,1,1.00267,1.00621,180,38
15,1,1.00257,1.00882,175,36
----Generation 372--------
7,1,1.00127,1.00244,765,133
6,1,1.00156,1.0052,615,71
7,1,1.00119,1.00882,595,105
10,1,1.00156,1.0052,495,93
10,1,1.00156,1.0069,495,93
----Generation 373--------
7,1,1.00127,1.00207,335,29
6,1,1.00156,1.00172,330,24
6,1,1.00119,1.00004,325,157
10,1,1.00156,1.001,315,60
6,1,1.00119,1.00269,305,27
----Generation 374--------
17,1,1.00156,1.001,0,0
7,1,1.00127,1.008,0,0
6,1,1.00356,1.00269,0,0
6,1,1.00166,1.00004,0,0
10,1,1.00635,1.001,0,0
----Generation 375--------
6,1,1.00156,1.00818,0,0
6,1,1.00793,1.001,0,0
6,6,1.00166,1.00269,0,0
10,20,1.00635,1.00269,0,0
10,40,1.00635,1.008,0,0
----Generation 376--------
47,1,1.00635,1.001,0,0
10,43,1.00166,1.008,0,0
6,1,1.00818,1.00269,0,0
6,6,1.00166,1.00418,0,0
10,1,1.00484,1.008,0,0
----Generation 377--------
47,48,1.00166,1.001,0,0
8,43,1.00166,1.008,0,0
10,43,1.00166,1.00381,0,0
10,48,1.00166,1.00418,0,0
10,1,1.00166,1.00332,0,0
----Generation 378--------
10,1,1.00166,1.00173,250,27
10,1,1.00166,1.00865,210,21
10,1,1.00166,1.008,210,21
10,1,1.00166,1.00464,210,21
10,1,1.00148,1.00332,185,26
----Generation 379--------
6,1,1.00166,1.00865,0,0
10,1,1.00166,1.00125,0,0
19,1,1.00166,1.008,0,0
10,1,1.00166,1.00516,0,0
19,1,1.00166,1.00173,0,0
----Generation 380--------
19,20,1.00166,1.008,0,0
10,1,1.00166,1.00049,0,0
10,1,1.00575,1.00516,0,0
16,1,1.00166,1.00173,0,0
10,1,1.00516,1.00516,0,0
----Generation 381--------
3,1,1.00166,1.00049,620,77
10,1,1.00081,1.00516,315,71
10,1,1.00166,1.00408,240,28
10,1,1.00166,1.00507,220,25
10,1,1.00166,1.00519,220,25
----Generation 382--------
22,1,1.00166,1.00049,0,0
10,1,1.00166,1.00389,0,0
37,1,1.00081,1.00519,0,0
10,1,1.00528,1.00519,0,0
3,1,1.00166,1.00391,0,0
----Generation 383--------
21,1,1.00166,1.00519,0,0
22,1,1.00001,1.00389,0,0
10,1,1.00166,1.00284,0,0
10,4,1.00528,1.00049,0,0
37,1,1.00081,1.00655,0,0
----Generation 384--------
10,1,1.00166,1.00297,740,96
10,1,1.00166,1.00225,740,112
10,1,1.00081,1.00194,720,205
10,1,1.00166,1.00393,660,82
10,1,1.00122,1.00389,625,110
----Generation 385--------
10,24,1.00166,1.00225,0,0
10,1,1.00183,1.00225,0,0
10,1,1.00166,1.00494,0,0
19,1,1.00166,1.00389,0,0
10,8,1.00166,1.00393,0,0
----Generation 386--------
10,1,1.00118,1.00494,0,0
2,8,1.00166,1.00393,0,0
10,1,1.00166,1.0082,0,0
8,1,1.00166,1.00225,0,0
37,24,1.00166,1.00225,0,0
----Generation 387--------
8,1,1.00166,1.00116,670,103
8,1,1.00107,1.00494,650,93
6,1,1.00166,1.00225,610,45
10,1,1.00118,1.00494,600,94
10,1,1.00118,1.00833,600,94
----Generation 388--------
6,1,1.00166,1.00086,2060,209
7,1,1.00166,1.00116,1610,186
6,1,1.00052,1.00225,1375,233
8,1,1.00166,1.00077,1355,244
8,1,1.00166,1.00116,1195,190
----Generation 389--------
46,1,1.00052,1.00086,0,0
8,1,1.00567,1.00086,0,0
7,1,1.00108,1.00077,0,0
6,41,1.00052,1.00225,0,0
7,1,1.00166,1.00662,0,0
----Generation 390--------
3,1,1.00052,1.00077,805,54
4,1,1.00052,1.00086,695,78
6,1,1.00052,1.00077,645,126
7,1,1.00052,1.00086,595,125
8,1,1.0014,1.00086,535,62
----Generation 391--------
4,1,1.00052,1.0005,295,56
4,1,1.00052,1.00086,275,32
4,1,1.00052,1.00202,235,24
4,1,1.00052,1.00216,235,24
3,1,1.00052,1.00077,220,24
----Generation 392--------
4,37,1.00052,1.00202,0,0
27,1,1.00052,1.00077,0,0
4,1,1.00025,1.00086,0,0
40,1,1.00052,1.00077,0,0
4,1,1.00408,1.0005,0,0
----Generation 393--------
4,1,1.00052,1.00601,0,0
4,1,1.00844,1.00202,0,0
27,37,1.00888,1.00077,0,0
27,1,1.00183,1.00077,0,0
37,37,1.00052,1.00202,0,0
----Generation 394--------
4,40,1.00183,1.00202,0,0
14,37,1.00052,1.00077,0,0
27,37,1.00183,1.00334,0,0
27,1,1.0072,1.00077,0,0
5,37,1.00183,1.00202,0,0
----Generation 395--------
4,40,1.00253,1.00202,0,0
27,47,1.00052,1.00334,0,0
27,47,1.00052,1.00077,0,0
27,37,1.00183,1.00586,0,0
5,1,1.00379,1.00077,0,0
----Generation 396--------
27,16,1.00052,1.00077,0,0
45,1,1.00183,1.00586,0,0
4,16,1.00253,1.00077,0,0
36,47,1.00253,1.00334,0,0
27,5,1.00052,1.00202,0,0
----Generation 397--------
18,5,1.00052,1.00334,110,42
27,1,1.00183,1.00527,105,15
18,1,1.00052,1.00586,70,58
27,1,1.00183,1.00633,65,13
27,47,1.00052,1.00445,50,19
----Generation 398--------
7,1,1.00052,1.00633,315,88
18,1,1.00183,1.00259,170,30
11,1,1.00183,1.00445,140,21
15,1,1.00183,1.00527,110,23
27,1,1.00183,1.00125,60,75
----Generation 399--------
15,5,1.00052,1.00527,0,0
15,1,1.00331,1.00527,0,0
15,1,1.00183,1.00779,0,0
18,1,1.00183,1.00445,0,0
18,46,1.00183,1.00259,0,0
----Generation 400--------
15,1,1.00183,1.0012,315,96
15,1,1.00183,1.00767,295,48
15,1,1.00183,1.00838,295,48
15,1,1.00183,1.00654,295,48
15,1,1.00183,1.00505,295,48
----Generation 401--------
15,1,1.00101,1.00654,125,15
15,1,1.00183,1.00096,120,21
15,1,1.00183,1.00096,120,21
15,1,1.00183,1.00111,100,17
15,1,1.00133,1.00838,85,6
----Generation 402--------
15,1,1.00183,1.00552,0,0
15,1,1.00101,1.00542,0,0
15,42,1.00183,1.00096,0,0
44,1,1.00183,1.00111,0,0
15,1,1.00571,1.00111,0,0
----Generation 403--------
2,1,1.00101,1.00542,100,5
15,31,1.00101,1.00111,90,18
15,21,1.00101,1.00542,45,4
2,1,1.00183,1.00111,40,2
13,42,1.00183,1.00096,40,17
----Generation 404--------
15,42,1.00183,1.00495,0,0
15,21,1.00101,1.00534,0,0
2,1,1.00101,1.00267,0,0
2,1,1.00416,1.00111,0,0
15,31,1.00542,1.00111,0,0
----Generation 405--------
15,1,1.00183,1.00174,0,0
34,42,1.00101,1.00267,0,0
2,31,1.00163,1.00111,0,0
19,31,1.00101,1.00534,0,0
15,1,1.00542,1.00057,0,0
----Generation 406--------
34,1,1.00297,1.00057,0,0
34,42,1.00101,1.00216,0,0
19,31,1.00819,1.00534,0,0
19,31,1.00163,1.00511,0,0
2,9,1.00163,1.00267,0,0
----Generation 407--------
11,42,1.00163,1.00216,0,0
2,9,1.00122,1.00534,0,0
34,1,1.00698,1.00534,0,0
19,2,1.00819,1.00534,0,0
34,1,1.00101,1.00531,0,0
----Generation 408--------
34,9,1.00101,1.00206,0,0
2,17,1.00163,1.00216,0,0
16,1,1.00101,1.00531,0,0
26,1,1.00698,1.00534,0,0
11,34,1.00101,1.00216,0,0
----Generation 409--------
9,1,1.00101,1.00531,570,133
11,1,1.00313,1.00216,405,59
13,1,1.00101,1.00531,370,143
16,1,1.00162,1.00534,320,103
16,1,1.00163,1.00512,315,105
----Generation 410--------
9,1,1.00101,1.00531,160,29
9,1,1.00101,1.0055,160,29
9,1,1.00101,1.00531,160,29
9,1,1.00056,1.00531,105,62
11,1,1.00101,1.00243,75,38
----Generation 411--------
9,23,1.00101,1.0055,0,0
17,1,1.00101,1.00531,0,0
9,28,1.00101,1.0055,0,0
9,47,1.00101,1.00243,0,0
9,1,1.00101,1.00057,0,0
----Generation 412--------
9,1,1.00101,1.0012,550,172
9,1,1.00101,1.00724,530,103
9,1,1.00101,1.00807,530,103
9,1,1.00101,1.00062,470,227
9,1,1.00101,1.0031,470,114
----Generation 413--------
5,1,1.00101,1.0012,800,100
6,1,1.00101,1.0031,640,85
9,1,1.00101,1.00203,385,119
9,1,1.00101,1.00291,345,111
9,1,1.00101,1.00248,325,114
----Generation 414--------
5,1,1.00101,1.0012,630,39
5,1,1.00101,1.00146,530,32
7,1,1.00101,1.0012,530,58
5,1,1.00101,1.00203,410,26
9,1,1.00101,1.00195,370,45
----Generation 415--------
5,1,1.00101,1.0012,600,77
5,1,1.00101,1.00146,520,65
5,1,1.00101,1.00134,520,69
5,1,1.00101,1.00236,480,47
5,1,1.00101,1.00169,480,59
----Generation 416--------
47,1,1.00101,1.0012,0,0
5,1,1.00101,1.00737,0,0
5,1,1.00101,1.00843,0,0
3,1,1.00101,1.00236,0,0
5,1,1.00644,1.00146,0,0
----Generation 417--------
5,1,1.00101,1.00059,620,87
5,1,1.00101,1.00079,440,60
5,1,1.00068,1.00236,385,49
5,1,1.00101,1.00154,240,27
5,1,1.00101,1.00146,220,28
----Generation 418--------
45,1,1.00101,1.00079,0,0
5,1,1.00485,1.00154,0,0
5,34,1.00101,1.00059,0,0
5,21,1.00101,1.00154,0,0
5,1,1.00068,1.00501,0,0
----Generation 419--------
45,1,1.00101,1.0018,0,0
5,1,1.00101,1.00493,0,0
5,22,1.00101,1.00079,0,0
5,12,1.00485,1.00154,0,0
5,34,1.00003,1.00154,0,0
----Generation 420--------
28,12,1.00485,1.00154,0,0
45,1,1.00259,1.00079,0,0
14,34,1.00101,1.00154,0,0
5,28,1.00101,1.00154,0,0
5,1,1.00101,1.0018,0,0
----Generation 421--------
5,1,1.00101,1.00133,200,28
8,1,1.00101,1.0018,195,52
5,1,1.00101,1.00549,180,23
44,1,1.00259,1.0018,155,23
45,1,1.00259,1.00079,120,40
----Generation 422--------
30,1,1.00259,1.00133,0,0
5,1,1.00101,1.0085,0,0
5,1,1.00101,1.00218,0,0
44,1,1.00259,1.00709,0,0
41,1,1.00101,1.00133,0,0
----Generation 423--------
30,1,1.00259,1.00133,0,0
30,1,1.00101,1.00466,0,0
2,1,1.00101,1.00133,0,0
41,29,1.00101,1.0085,0,0
35,1,1.00101,1.0085,0,0
----Generation 424--------
1,29,1.00259,1.00133,0,0
35,1,1.00101,1.00356,0,0
38,1,1.00101,1.0085,0,0
2,45,1.00101,1.00466,0,0
37,29,1.00101,1.00133,0,0
----Generation 425--------
2,29,1.00101,1.00466,0,0
38,1,1.00101,1.00373,0,0
35,1,1.00101,1.00266,0,0
35,1,1.00888,1.00133,0,0
35,29,1.00859,1.00356,0,0
----Generation 426--------
35,1,1.0006,1.00373,0,0
38,1,1.00839,1.00356,0,0
47,29,1.00101,1.00466,0,0
22,1,1.00101,1.00266,0,0
44,1,1.00859,1.00133,0,0
----Generation 427--------
35,1,1.00432,1.00373,0,0
35,1,1.00059,1.00373,0,0
47,29,1.00347,1.00466,0,0
44,42,1.00101,1.00133,0,0
35,1,1.00839,1.0067,0,0
----Generation 428--------
35,1,1.00432,1.00116,340,89
35,1,1.00296,1.00133,320,93
35,1,1.00432,1.00088,320,95
35,1,1.00255,1.00373,240,46
35,1,1.00269,1.00373,220,45
----Generation 429--------
48,1,1.00432,1.00116,0,0
35,11,1.00432,1.00116,0,0
35,1,1.00165,1.00373,0,0
35,28,1.00296,1.00373,0,0
35,1,1.00711,1.00133,0,0
----Generation 430--------
48,47,1.00432,1.00116,0,0
35,30,1.00711,1.00373,0,0
35,1,1.00711,1.0053,0,0
28,28,1.00165,1.00373,0,0
39,1,1.00296,1.00373,0,0
----Generation 431--------
23,1,1.00296,1.00373,0,0
47,1,1.00711,1.00373,0,0
28,29,1.00432,1.00116,0,0
39,30,1.00711,1.00642,0,0
39,47,1.00296,1.00709,0,0
----Generation 432--------
39,30,1.00692,1.00642,0,0
39,47,1.00711,1.00642,0,0
39,30,1.00296,1.00041,0,0
28,30,1.00432,1.00164,0,0
47,1,1.00711,1.00555,0,0
----Generation 433--------
10,1,1.00711,1.00041,200,77
39,44,1.00692,1.00041,80,10
28,47,1.00554,1.00164,60,8
47,31,1.00296,1.00041,20,10
47,30,1.00296,1.00642,0,0
----Generation 434--------
8,1,1.00711,1.00041,100,70
39,28,1.00692,1.00041,100,15
10,1,1.00296,1.00176,100,15
39,18,1.00554,1.00164,80,6
10,12,1.00711,1.00041,60,7
----Generation 435--------
10,12,1.00674,1.00176,0,0
8,1,1.00296,1.00176,0,0
33,12,1.00711,1.00041,0,0
39,18,1.00346,1.00041,0,0
10,12,1.00296,1.00468,0,0
----Generation 436--------
8,1,1.00037,1.00176,625,176
19,1,1.00296,1.00176,245,43
18,1,1.00296,1.00176,225,44
8,1,1.00296,1.00176,220,21
9,1,1.00346,1.00176,120,22
----Generation 437--------
19,40,1.00296,1.00176,0,0
19,16,1.00037,1.00176,0,0
8,1,1.00754,1.00176,0,0
18,6,1.00346,1.00176,0,0
19,1,1.00641,1.00176,0,0
----Generation 438--------
19,16,1.00346,1.00176,0,0
19,10,1.00037,1.00176,0,0
19,8,1.00296,1.00176,0,0
19,1,1.00792,1.00176,0,0
19,37,1.00346,1.00176,0,0
----Generation 439--------
19,44,1.00346,1.00176,0,0
19,37,1.00003,1.00176,0,0
19,16,1.00702,1.00176,0,0
19,37,1.00515,1.00176,0,0
19,8,1.00706,1.00176,0,0
----Generation 440--------
19,37,1.00515,1.00731,0,0
6,44,1.00702,1.00176,0,14
19,15,1.00706,1.00176,0,0
19,44,1.00515,1.00713,0,0
19,44,1.00346,1.00719,0,0
----Generation 441--------
6,44,1.00489,1.00176,100,25
6,44,1.00408,1.00719,55,15
9,15,1.00706,1.00176,40,4
6,44,1.00783,1.00176,40,15
2,44,1.00515,1.00731,35,14
----Generation 442--------
9,50,1.00706,1.00176,0,0
6,15,1.00244,1.00176,0,0
2,44,1.00783,1.00689,0,0
2,34,1.00515,1.00731,0,0
6,44,1.00408,1.00652,0,0
----Generation 443--------
9,34,1.0061,1.00176,140,20
9,35,1.00515,1.00176,80,19
9,34,1.00515,1.00101,80,38
9,24,1.00706,1.00176,60,23
2,34,1.00515,1.00458,40,2
----Generation 444--------
9,2,1.00515,1.00458,285,20
37,24,1.00515,1.00458,80,4
9,34,1.0061,1.00847,40,8
9,34,1.00515,1.00843,40,10
41,24,1.00706,1.00176,40,8
----Generation 445--------
9,2,1.00674,1.00847,0,0
9,34,1.00542,1.00847,0,0
9,26,1.00706,1.00176,0,0
9,38,1.00515,1.00843,0,0
41,28,1.0061,1.00847,0,0
----Generation 446--------
41,28,1.00542,1.00184,40,5
5,2,1.00706,1.00176,40,8
9,2,1.00674,1.00239,20,11
9,2,1.00666,1.00847,0,0
41,23,1.0061,1.00847,0,0
----Generation 447--------
9,23,1.00896,1.00847,0,0
32,28,1.00542,1.00847,0,0
48,23,1.0061,1.00847,0,0
41,2,1.00015,1.00176,0,0
37,2,1.00706,1.00847,0,0
----Generation 448--------
32,29,1.00896,1.00847,0,0
37,2,1.00542,1.00651,0,0
48,45,1.00015,1.00847,0,0
48,2,1.0061,1.00496,0,0
9,28,1.00851,1.00847,0,0
----Generation 449--------
9,45,1.00362,1.00847,70,14
23,2,1.0061,1.00847,45,4
32,2,1.00542,1.00707,45,11
23,2,1.0061,1.00847,45,4
9,28,1.00851,1.00354,40,12
----Generation 450--------
23,2,1.00542,1.00044,160,30
32,45,1.00362,1.00022,120,50
23,45,1.0061,1.0009,80,20
9,2,1.00784,1.00354,20,1
9,2,1.00486,1.00354,20,1
----Generation 451--------
45,2,1.00542,1.00044,140,41
39,2,1.00542,1.00044,120,41
48,2,1.00362,1.00022,115,49
32,2,1.00341,1.00044,85,51
32,2,1.00362,1.00282,40,12
----Generation 452--------
12,2,1.00341,1.00044,0,0
48,2,1.00362,1.00427,0,0
48,2,1.00362,1.00459,0,0
32,2,1.00341,1.00317,0,0
37,2,1.00341,1.00044,0,0
----Generation 453--------
48,2,1.00362,1.00648,0,0
10,2,1.00362,1.00427,0,0
48,27,1.00341,1.00427,0,0
1,2,1.00341,1.00459,0,0
48,2,1.0022,1.00044,0,0
----Generation 454--------
30,2,1.00362,1.00044,0,0
33,2,1.00341,1.00459,0,0
5,2,1.0022,1.00459,0,0
42,2,1.00341,1.00427,0,0
10,19,1.00362,1.00648,0,0
----Generation 455--------
5,2,1.0007,1.00044,255,74
5,2,1.00044,1.00044,170,111
10,2,1.00356,1.00044,100,53
14,2,1.00362,1.00044,80,44
5,2,1.00362,1.00097,80,8
----Generation 456--------
10,2,1.00443,1.00044,0,0
23,2,1.00362,1.00097,0,0
14,24,1.00362,1.00044,0,0
5,27,1.00044,1.00044,0,0
43,2,1.00362,1.00044,0,0
----Generation 457--------
10,2,1.00044,1.00172,155,63
11,2,1.00362,1.00044,60,49
10,2,1.00443,1.00044,40,46
10,2,1.00277,1.00044,40,46
10,22,1.00362,1.00097,20,6
----Generation 458--------
10,2,1.00277,1.00345,60,12
10,2,1.00132,1.00097,45,113
10,2,1.00169,1.00097,40,97
10,2,1.00277,1.00506,40,9
10,9,1.00362,1.00044,20,3
----Generation 459--------
10,2,1.00277,1.00105,90,12
10,1,1.00277,1.00345,75,9
10,2,1.00203,1.00345,50,13
10,2,1.00277,1.00116,50,10
10,2,1.00888,1.00097,40,12
----Generation 460--------
29,1,1.00888,1.00097,0,0
10,9,1.00277,1.00345,0,0
10,34,1.00203,1.00345,0,0
10,2,1.00277,1.00161,0,0
10,2,1.0054400000000001,1.00097,0,0
----Generation 461--------
11,2,1.00203,1.00345,40,2
29,1,1.00277,1.00181,25,16
10,2,1.00203,1.00453,20,1
10,2,1.00203,1.00452,20,1
10,40,1.00203,1.00345,5,2
----Generation 462--------
10,1,1.00203,1.00266,110,20
10,1,1.00203,1.00389,110,16
10,1,1.00277,1.00858,95,10
10,19,1.00203,1.00345,55,12
10,19,1.00203,1.00345,55,12
----Generation 463--------
10,1,1.00203,1.00266,285,38
10,1,1.00203,1.00188,265,47
13,1,1.00203,1.00345,250,46
10,1,1.00203,1.00389,245,28
10,1,1.00203,1.00655,245,28
----Generation 464--------
10,1,1.00203,1.00066,0,0
10,22,1.00203,1.00188,0,0
14,1,1.00203,1.00389,0,0
13,1,1.00251,1.00345,0,0
37,1,1.00203,1.00266,0,0
----Generation 465--------
10,22,1.00203,1.00266,0,0
10,1,1.00629,1.00188,0,0
10,37,1.00203,1.00188,0,0
10,1,1.00748,1.00188,0,0
7,1,1.00251,1.00066,0,0
----Generation 466--------
11,1,1.00203,1.00266,130,23
10,1,1.00203,1.00364,130,17
7,1,1.00251,1.00522,130,10
10,1,1.00562,1.00266,110,13
7,1,1.00259,1.00066,90,93
----Generation 467--------
7,1,1.00203,1.00565,0,0
10,1,1.00203,1.0077,0,0
10,1,1.00562,1.00877,0,0
12,1,1.00251,1.00522,0,0
7,37,1.00203,1.00066,0,0
----Generation 468--------
7,37,1.00251,1.00724,0,0
11,1,1.00203,1.0077,0,0
19,1,1.00203,1.00565,0,0
50,1,1.00203,1.00066,0,0
29,1,1.00203,1.00066,0,0
----Generation 469--------
16,1,1.00203,1.00565,0,0
19,39,1.00251,1.00565,0,0
11,19,1.00203,1.0077,0,0
19,30,1.00203,1.0077,0,0
19,1,1.00888,1.00565,0,0
----Generation 470--------
20,1,1.00251,1.00565,575,109
11,1,1.00149,1.0077,515,129
16,1,1.00203,1.00565,440,127
16,1,1.00203,1.00775,420,112
19,1,1.00251,1.00854,410,87
----Generation 471--------
22,1,1.00251,1.0077,0,0
16,1,1.00203,1.00191,0,0
19,1,1.00251,1.00473,0,0
20,33,1.00203,1.00775,0,0
20,1,1.00203,1.0079,0,0
----Generation 472--------
22,1,1.00155,1.0077,0,0
16,22,1.00251,1.00473,0,0
20,49,1.00203,1.0077,0,0
20,1,1.00251,1.00231,0,0
20,1,1.00203,1.00493,0,0
----Generation 473--------
20,1,1.00879,1.00231,0,0
20,49,1.00046,1.0077,0,0
16,49,1.00251,1.00335,0,0
20,15,1.00203,1.00231,0,0
20,1,1.00296,1.0077,0,0
----Generation 474--------
16,1,1.00231,1.00231,245,30
20,1,1.00259,1.00335,175,21
18,1,1.00251,1.0077,140,21
20,1,1.00252,1.0077,125,22
20,1,1.00296,1.00316,115,18
----Generation 475--------
34,1,1.00252,1.0077,0,0
20,1,1.00559,1.00231,0,0
16,1,1.00252,1.0077,0,0
16,24,1.00296,1.00231,0,0
20,1,1.00296,1.00162,0,0
----Generation 476--------
16,1,1.0012,1.0077,115,32
20,1,1.00129,1.00231,115,32
46,1,1.00296,1.0077,90,9
17,1,1.00559,1.00162,60,17
16,1,1.0037,1.00231,40,6
----Generation 477--------
17,1,1.00086,1.00162,180,68
17,1,1.00049,1.00231,145,77
20,1,1.00296,1.00332,90,9
17,1,1.00334,1.00162,85,26
16,1,1.00359,1.00231,85,12
----Generation 478--------
6,1,1.00049,1.00231,560,143
2,1,1.00086,1.00162,205,12
14,1,1.00296,1.00332,130,33
17,1,1.00334,1.00434,80,19
22,1,1.00359,1.00162,80,83
----Generation 479--------
6,1,1.00049,1.00231,415,66
6,1,1.00049,1.00261,395,65
6,1,1.00087,1.00162,380,36
6,1,1.00049,1.00347,375,62
6,1,1.00049,1.00425,375,62
----Generation 480--------
7,1,1.00087,1.00162,270,27
6,1,1.00087,1.00543,220,20
6,1,1.00087,1.00381,220,20
6,1,1.00087,1.00636,220,20
6,1,1.00681,1.00162,80,4
----Generation 481--------
6,1,1.00087,1.00526,0,0
9,1,1.00087,1.00162,0,0
6,1,1.00681,1.00019,0,0
6,1,1.00597,1.00381,0,0
7,1,1.00251,1.00162,0,0
----Generation 482--------
7,1,1.00681,1.00598,0,0
25,1,1.00087,1.00162,0,0
6,1,1.0068,1.00526,0,0
26,1,1.00087,1.00526,0,0
6,1,1.00455,1.00381,0,0
----Generation 483--------
6,1,1.00056,1.00526,170,63
26,1,1.00087,1.00236,140,39
26,1,1.00087,1.00723,100,29
25,1,1.0068,1.00245,80,10
6,1,1.00197,1.00598,80,4
----Generation 484--------
6,37,1.00056,1.00598,0,0
6,49,1.0068,1.00598,0,0
26,1,1.0071,1.00723,0,0
6,1,1.00056,1.00818,0,0
26,34,1.0068,1.00236,0,0
----Generation 485--------
6,1,1.00056,1.00818,400,90
15,34,1.00056,1.00236,75,16
6,47,1.00056,1.00818,45,34
6,47,1.00056,1.00598,45,34
6,49,1.0068,1.00329,40,11
----Generation 486--------
6,1,1.00056,1.00856,295,119
6,1,1.00056,1.00673,295,119
6,1,1.00056,1.00818,295,119
6,1,1.0005,1.00818,260,126
6,1,1.00056,1.00236,215,125
----Generation 487--------
3,1,1.00056,1.00236,470,42
5,1,1.00056,1.00236,400,68
5,1,1.00056,1.00856,360,62
6,1,1.00056,1.00048,355,157
6,1,1.00056,1.00103,310,102
----Generation 488--------
28,1,1.00056,1.00236,0,0
30,1,1.00056,1.00048,0,0
11,1,1.00056,1.00236,0,0
3,1,1.00893,1.00103,0,0
5,24,1.00056,1.00048,0,0
----Generation 489--------
11,1,1.00007,1.00103,0,0
28,1,1.00056,1.00004,0,0
5,1,1.00056,1.00236,0,0
3,1,1.00056,1.00796,0,0
9,24,1.00056,1.00048,0,0
----Generation 490--------
3,1,1.00056,1.00155,520,41
3,1,1.00056,1.00205,440,37
3,1,1.00056,1.00503,400,35
3,1,1.00056,1.00385,400,35
3,1,1.00056,1.00573,400,35
----Generation 491--------
3,1,1.00081,1.00155,0,0
3,21,1.00056,1.00385,0,0
3,1,1.00044,1.00385,0,0
3,1,1.00056,1.00465,0,0
46,1,1.00056,1.00155,0,0
----Generation 492--------
3,21,1.00616,1.00385,0,0
46,37,1.00056,1.00465,0,0
3,1,1.00605,1.00155,0,0
3,1,1.00081,1.00155,0,0
3,1,1.00375,1.00385,0,0
----Generation 493--------
46,1,1.00056,1.0008,0,0
40,1,1.00605,1.00385,0,0
30,37,1.00605,1.00155,0,0
3,21,1.00616,1.00475,0,0
3,33,1.00605,1.00155,0,0
----Generation 494--------
40,1,1.00616,1.00886,0,0
30,21,1.00605,1.00659,0,0
30,3,1.00605,1.00475,0,0
3,1,1.00781,1.00385,0,0
40,1,1.00056,1.0008,0,0
----Generation 495--------
30,21,1.00691,1.00659,0,0
30,1,1.00857,1.0008,0,0
40,1,1.00605,1.0064,0,0
30,1,1.00605,1.00334,0,0
8,3,1.00781,1.00475,0,0
----Generation 496--------
12,1,1.00605,1.00334,110,11
8,1,1.00314,1.00475,70,7
30,1,1.00691,1.00299,60,30
30,1,1.00605,1.00334,60,29
8,3,1.00247,1.00475,50,6
----Generation 497--------
30,13,1.00314,1.00475,0,0
22,3,1.00247,1.00299,0,0
12,10,1.00605,1.00334,0,0
49,1,1.00691,1.00299,0,0
12,1,1.00314,1.00608,0,0
----Generation 498--------
20,1,1.00247,1.00299,315,55
12,1,1.00109,1.00475,300,78
12,1,1.00247,1.00474,285,30
12,1,1.00265,1.00608,225,27
12,1,1.00314,1.0038,210,25
----Generation 499--------
12,1,1.00314,1.00273,225,17
12,1,1.00247,1.00352,205,28
12,1,1.00247,1.00223,185,43
12,1,1.00247,1.00426,185,25
12,1,1.00247,1.00407,185,25
----Generation 500--------
12,1,1.00247,1.00077,375,80
12,1,1.00247,1.0011,295,55
12,1,1.00247,1.00299,195,21
12,1,1.00247,1.00291,195,21
12,1,1.00247,1.00214,155,29
----Generation 501--------
40,1,1.00247,1.00214,0,0
45,1,1.00247,1.00291,0,0
12,1,1.00247,1.00163,0,0
12,1,1.00835,1.0011,0,0
29,1,1.00247,1.00291,0,0
----Generation 502--------
18,1,1.00247,1.0011,400,81
6,1,1.00835,1.0011,360,42
29,1,1.00247,1.00106,345,89
12,1,1.00186,1.00163,340,59
15,1,1.00247,1.0011,335,79
----Generation 503--------
12,1,1.00175,1.0011,655,110
12,1,1.00247,1.0011,480,89
12,1,1.00218,1.0011,475,94
14,1,1.00186,1.0011,475,109
12,1,1.00247,1.00114,460,88
----Generation 504--------
14,1,1.00758,1.0011,0,0
12,1,1.00175,1.00243,0,0
12,1,1.00736,1.0011,0,0
14,1,1.00218,1.00252,0,0
12,35,1.00218,1.00114,0,0
----Generation 505--------
5,1,1.00758,1.0011,340,37
12,1,1.00175,1.00243,340,63
3,1,1.00736,1.0011,320,18
12,1,1.00218,1.00247,285,47
12,1,1.00175,1.00444,280,50
----Generation 506--------
5,1,1.00203,1.0011,670,87
7,1,1.00175,1.0011,615,129
5,1,1.00736,1.0011,580,79
5,1,1.00736,1.0011,580,79
5,1,1.00758,1.0011,580,79
