----Generation 0--------
27,28,1.00387,1.00646,0,0
38,29,1.00526,1.0066,0,0
11,28,1.00556,1.00279,0,0
1,40,1.00555,1.00244,0,0
10,4,1.00815,1.00943,0,0
----Generation 1--------
10,6,1.00229,1.00945,375,24
14,5,1.00419,1.00517,310,21
31,15,1.00112,1.00841,255,53
43,19,1.00751,1.00178,255,33
31,15,1.00253,1.00858,215,37
----Generation 2--------
6,19,1.00253,1.00858,0,0
31,19,1.00751,1.00846,0,0
31,25,1.00253,1.00858,0,0
31,7,1.00112,1.00858,0,0
43,49,1.00253,1.00178,0,0
----Generation 3--------
36,21,1.00388,1.00822,0,0
4,2,1.00718,1.0047,0,0
30,29,1.00744,1.00574,0,0
31,50,1.00392,1.00019,0,0
23,17,1.00981,1.00791,0,0
----Generation 4--------
15,30,1.00557,1.00134,0,0
31,5,1.00474,1.00917,0,0
13,8,1.00285,1.00249,0,0
38,19,1.00279,1.00607,0,0
2,20,1.00504,1.0014,0,0
----Generation 5--------
23,39,1.00408,1.00093,40,3
15,30,1.0009,1.0016,30,6
24,50,1.00024,1.00687,25,32
12,19,1.00496,1.00035,20,8
1,44,1.00229,1.00307,5,2
----Generation 6--------
24,12,1.00229,1.00687,55,8
24,19,1.00496,1.00058,40,20
49,44,1.00496,1.00035,40,14
49,44,1.00229,1.00035,40,14
24,44,1.00776,1.00307,20,1
----Generation 7--------
24,15,1.00776,1.00035,0,0
24,45,1.00776,1.00035,0,0
49,44,1.00229,1.00504,0,0
49,3,1.00496,1.00035,0,0
24,44,1.0093,1.00035,0,0
----Generation 8--------
47,40,1.00601,1.00735,0,0
7,42,1.00224,1.00055,0,0
12,14,1.00748,1.00675,0,0
17,21,1.00514,1.00035,0,0
36,38,1.0098,1.00225,0,0
----Generation 9--------
31,21,1.00893,1.00048,100,69
49,13,1.00299,1.00263,65,55
41,19,1.00278,1.00838,30,19
44,20,1.00993,1.00265,20,9
19,18,1.00949,1.00032,20,1
----Generation 10--------
14,18,1.00949,1.00032,0,0
44,20,1.00949,1.00265,0,0
41,18,1.00759,1.00838,0,0
41,18,1.00961,1.00032,0,0
44,19,1.00909,1.00265,0,0
----Generation 11--------
27,1,1.00674,1.00252,445,71
42,4,1.00021,1.00607,330,118
5,1,1.00637,1.00184,320,44
50,7,1.00219,1.00866,305,59
44,8,1.00043,1.00488,265,108
----Generation 12--------
5,1,1.00127,1.00184,290,20
5,1,1.00219,1.00751,125,8
5,1,1.00571,1.00184,80,6
5,1,1.00598,1.00184,80,6
3,1,1.00219,1.00866,60,3
----Generation 13--------
5,1,1.00598,1.00102,320,26
5,1,1.00571,1.00111,280,21
5,1,1.00598,1.00117,260,17
5,1,1.00127,1.00184,255,22
5,1,1.00133,1.00184,250,20
----Generation 14--------
49,1,1.00133,1.00184,0,0
5,34,1.00133,1.00117,0,0
5,17,1.00133,1.00184,0,0
9,1,1.00133,1.00184,0,0
5,1,1.00425,1.00117,0,0
----Generation 15--------
27,39,1.00843,1.00989,0,0
30,2,1.00149,1.00742,0,0
49,37,1.00706,1.00987,0,0
42,42,1.00039,1.00157,0,0
38,20,1.00255,1.00094,0,0
----Generation 16--------
35,12,1.00755,1.00145,20,1
35,2,1.00287,1.00182,5,4
6,32,1.00721,1.00812,0,0
19,27,1.00386,1.0061,0,0
8,4,1.00655,1.00386,0,0
----Generation 17--------
25,29,1.00369,1.00419,0,0
38,1,1.00087,1.0016,0,0
4,8,1.00446,1.00691,0,0
6,11,1.00377,1.00989,0,0
35,12,1.00865,1.00567,0,0
----Generation 18--------
8,1,1.00165,1.0076,155,13
47,1,1.0054400000000001,1.00069,80,42
22,1,1.00408,1.00463,70,7
14,32,1.00362,1.00044,40,40
10,49,1.00414,1.0024,20,7
----Generation 19--------
8,1,1.00165,1.0076,185,18
47,1,1.0054400000000001,1.00069,180,55
22,1,1.00202,1.00044,120,127
22,1,1.00672,1.00044,80,104
31,1,1.00362,1.00463,75,15
----Generation 20--------
31,1,1.00202,1.0098799999999999,0,0
1,1,1.00362,1.00044,0,0
22,1,1.00963,1.00044,0,0
31,1,1.00773,1.00044,0,0
22,34,1.00362,1.00044,0,0
----Generation 21--------
31,1,1.00202,1.0098799999999999,95,18
3,20,1.00437,1.00926,75,9
15,19,1.0009,1.00177,65,12
38,9,1.00625,1.00551,40,2
3,41,1.00326,1.00811,30,33
----Generation 22--------
42,19,1.00326,1.00177,200,32
49,19,1.00625,1.00177,180,24
38,9,1.00326,1.00177,150,56
47,19,1.0009,1.00177,125,68
38,19,1.00386,1.00177,110,19
----Generation 23--------
47,19,1.00349,1.00177,40,15
45,19,1.00386,1.00177,40,12
45,19,1.00386,1.00177,40,12
47,19,1.00326,1.0037,20,1
47,19,1.0045,1.00177,20,14
----Generation 24--------
47,6,1.0045,1.00177,80,26
45,12,1.0045,1.00177,60,19
47,19,1.0045,1.0037,40,2
47,19,1.00356,1.0037,40,2
47,19,1.00607,1.0037,40,2
----Generation 25--------
3,19,1.0045,1.0037,80,12
2,19,1.00607,1.0037,40,12
47,6,1.00607,1.0037,40,2
3,19,1.00607,1.0037,40,10
47,6,1.00607,1.0037,40,2
----Generation 26--------
47,19,1.0018,1.0037,25,3
47,1,1.00607,1.0037,20,1
47,1,1.00607,1.0037,20,1
47,1,1.00607,1.0037,20,1
47,2,1.00607,1.0037,20,1
----Generation 27--------
25,1,1.00607,1.0037,45,4
25,1,1.00607,1.0037,45,4
25,2,1.00607,1.0037,45,4
47,2,1.00607,1.00188,20,2
47,1,1.00563,1.0037,20,1
----Generation 28--------
25,2,1.00664,1.0037,0,0
47,20,1.00607,1.0037,0,0
47,1,1.00563,1.00417,0,0
47,22,1.00563,1.0037,0,0
47,39,1.00607,1.00188,0,0
----Generation 29--------
50,4,1.00407,1.00278,25,10
16,47,1.00779,1.00361,20,1
32,10,1.00629,1.00221,20,6
35,26,1.0098,1.00888,0,0
20,38,1.00387,1.00473,0,0
----Generation 30--------
32,10,1.00629,1.00035,160,53
32,10,1.00629,1.00048,120,45
32,10,1.00629,1.00066,100,34
32,10,1.00629,1.00093,60,27
32,21,1.00629,1.00221,40,4
----Generation 31--------
23,21,1.00629,1.00221,0,0
32,21,1.00629,1.00461,0,0
32,10,1.00629,1.00498,0,4
32,10,1.00629,1.00703,0,0
10,10,1.00629,1.00093,0,0
----Generation 32--------
21,25,1.00978,1.00943,0,0
50,31,1.0068,1.00631,0,0
17,22,1.00919,1.00665,0,0
43,27,1.00706,1.00039,0,0
27,46,1.0045,1.00941,0,0
----Generation 33--------
17,33,1.00809,1.00029,0,0
28,2,1.00933,1.00862,0,0
43,21,1.0099,1.00417,0,0
31,48,1.00106,1.00402,0,0
7,2,1.00794,1.00515,0,0
----Generation 34--------
41,47,1.00601,1.00918,0,0
17,6,1.0087,1.0033,0,0
13,32,1.00673,1.00061,0,0
28,24,1.00154,1.00996,0,0
42,17,1.00643,1.00727,0,0
----Generation 35--------
31,46,1.00292,1.00955,0,0
24,25,1.00839,1.00693,0,0
41,30,1.00449,1.00619,0,0
35,29,1.00633,1.00405,0,0
30,15,1.00229,1.00531,0,0
----Generation 36--------
50,48,1.00234,1.00858,0,0
20,15,1.0092,1.00423,0,0
40,48,1.00434,1.0016,0,0
10,10,1.00346,1.00085,0,0
30,35,1.00348,1.00063,0,0
----Generation 37--------
18,48,1.00942,1.00172,40,19
13,27,1.00918,1.00142,40,15
33,1,1.00548,1.00641,25,3
25,46,1.0096,1.00102,20,20
9,1,1.00553,1.00344,20,3
----Generation 38--------
24,1,1.0096,1.00102,0,0
1,1,1.0096,1.00102,0,0
43,1,1.00553,1.00344,0,0
9,25,1.00548,1.00344,0,0
33,9,1.00548,1.00102,0,0
----Generation 39--------
45,13,1.00038,1.00101,100,56
19,2,1.00112,1.00564,50,23
33,12,1.00061,1.00033,45,73
42,4,1.00304,1.00082,40,21
34,4,1.00065,1.00492,35,35
----Generation 40--------
19,2,1.00112,1.00564,205,170
34,12,1.00539,1.00492,170,42
33,12,1.00454,1.00492,155,43
42,12,1.00304,1.00804,130,73
17,4,1.00065,1.00492,120,188
----Generation 41--------
19,2,1.00112,1.00564,45,26
6,4,1.00065,1.00492,45,11
33,12,1.00454,1.00164,25,8
42,12,1.00454,1.00492,20,2
41,12,1.00454,1.00492,20,2
----Generation 42--------
33,25,1.00454,1.00164,0,0
42,6,1.00454,1.00492,0,0
33,18,1.00454,1.00492,0,0
33,12,1.00789,1.00492,0,0
33,12,1.00706,1.00164,0,0
----Generation 43--------
12,21,1.00121,1.0071,65,5
40,47,1.00031,1.00187,15,21
38,50,1.00066,1.00566,10,18
20,9,1.00399,1.00832,0,0
42,13,1.00282,1.00572,0,0
----Generation 44--------
12,21,1.00121,1.0071,20,8
38,50,1.00426,1.00566,0,0
38,50,1.00838,1.00566,0,0
38,39,1.00066,1.00566,0,0
45,50,1.00066,1.00566,0,0
----Generation 45--------
37,1,1.00917,1.00372,160,20
43,2,1.00421,1.00477,140,44
30,7,1.00201,1.00395,65,61
48,2,1.00276,1.00658,60,59
31,8,1.0046,1.00385,60,10
----Generation 46--------
10,2,1.00276,1.00658,80,11
34,8,1.00276,1.00385,50,21
43,2,1.00421,1.00477,25,18
21,7,1.00201,1.00385,25,18
33,7,1.00276,1.00658,20,23
----Generation 47--------
33,7,1.00276,1.00086,0,0
21,16,1.00276,1.00658,0,0
33,40,1.00276,1.00658,0,0
21,2,1.00252,1.00385,0,0
21,33,1.00201,1.00477,0,0
----Generation 48--------
40,46,1.00628,1.0021,0,0
29,18,1.00286,1.00926,0,0
6,41,1.00159,1.00985,0,0
36,6,1.00175,1.00997,0,0
41,2,1.00055,1.00525,0,0
----Generation 49--------
6,1,1.00306,1.00126,340,65
12,2,1.0055,1.00684,20,1
20,12,1.00122,1.00667,20,15
14,48,1.00591,1.00893,5,2
21,46,1.00868,1.00834,0,0
----Generation 50--------
6,1,1.00306,1.00126,60,23
5,48,1.00591,1.00893,45,4
4,12,1.00122,1.00667,20,22
20,48,1.0029,1.00893,5,3
14,48,1.00591,1.00752,0,0
----Generation 51--------
20,19,1.00122,1.00667,0,0
4,48,1.00648,1.00667,0,0
33,12,1.00122,1.00893,0,0
4,28,1.00122,1.00667,0,0
20,48,1.0029,1.00765,0,0
----Generation 52--------
20,10,1.0044,1.00261,270,41
23,17,1.00067,1.00404,255,47
39,13,1.00063,1.00759,210,50
21,14,1.0039,1.00905,205,19
45,1,1.00908,1.0069,180,36
----Generation 53--------
21,1,1.00201,1.00905,0,0
45,1,1.006,1.0069,0,0
21,1,1.00267,1.0069,0,0
21,14,1.0039,1.00465,0,0
45,1,1.00908,1.00223,0,0
----Generation 54--------
21,1,1.00201,1.00905,65,14
37,15,1.00147,1.001,40,17
39,2,1.0039,1.00435,20,1
39,37,1.0058,1.00076,0,0
2,23,1.0082,1.00479,0,0
----Generation 55--------
39,2,1.0039,1.0057,0,0
15,2,1.0039,1.00435,0,0
39,42,1.0039,1.00435,0,0
39,8,1.0039,1.00435,0,0
7,2,1.0039,1.00435,0,0
----Generation 56--------
21,26,1.00627,1.00806,0,0
14,31,1.00465,1.00198,0,0
39,44,1.00206,1.00107,0,0
39,11,1.00435,1.00404,0,0
15,7,1.00538,1.00778,0,0
----Generation 57--------
16,22,1.00978,1.00571,0,0
28,41,1.00576,1.00754,0,0
12,43,1.00222,1.00366,0,0
50,35,1.00547,1.00277,0,0
25,9,1.00787,1.00214,0,0
----Generation 58--------
13,5,1.00651,1.00113,20,11
17,9,1.00104,1.00532,10,12
23,14,1.001,1.0037,5,9
2,14,1.005,1.0042,0,0
17,8,1.009,1.00869,0,0
----Generation 59--------
23,14,1.00047,1.0037,0,0
23,2,1.001,1.0037,0,0
23,14,1.001,1.00463,0,0
11,14,1.001,1.0037,0,0
2,14,1.001,1.0037,0,0
----Generation 60--------
11,1,1.006,1.00018,645,209
11,1,1.00324,1.00735,530,51
50,1,1.00604,1.00607,475,76
47,23,1.00495,1.00657,225,41
47,20,1.00519,1.00789,150,46
----Generation 61--------
50,23,1.00495,1.00775,0,0
16,1,1.00519,1.00607,0,0
27,23,1.00495,1.00657,0,0
47,9,1.00604,1.00607,0,0
47,2,1.00604,1.00607,0,0
----Generation 62--------
3,13,1.00166,1.00872,80,4
8,12,1.00096,1.00944,40,2
48,21,1.00085,1.00758,20,2
14,1,1.00266,1.00983,20,1
24,7,1.00152,1.00161,10,4
----Generation 63--------
24,1,1.00448,1.00983,0,0
24,31,1.00152,1.00161,0,0
48,21,1.00085,1.00754,0,0
14,7,1.00266,1.00282,0,0
24,4,1.00266,1.00983,0,0
----Generation 64--------
25,1,1.00234,1.00883,145,37
24,1,1.00448,1.00983,85,13
40,1,1.00429,1.00362,80,15
19,31,1.00929,1.00337,60,9
22,1,1.00404,1.00282,45,23
----Generation 65--------
22,1,1.00404,1.00344,65,9
22,1,1.00748,1.00362,40,6
22,1,1.00641,1.00337,40,6
22,1,1.00429,1.00625,40,2
22,1,1.00877,1.00362,40,6
----Generation 66--------
13,1,1.00429,1.00625,0,0
22,1,1.00693,1.00337,0,0
21,1,1.00641,1.00625,0,0
22,1,1.00877,1.00176,0,0
22,1,1.00429,1.00151,0,0
----Generation 67--------
19,50,1.00851,1.00627,0,0
11,1,1.00561,1.00324,0,0
25,15,1.00486,1.00072,0,0
30,2,1.0055,1.00096,0,0
17,26,1.00646,1.00667,0,0
----Generation 68--------
16,1,1.0016,1.00947,120,48
29,6,1.00782,1.00347,40,6
46,47,1.00572,1.00014,40,6
32,38,1.00193,1.0003,20,33
30,22,1.00164,1.00295,15,6
----Generation 69--------
30,38,1.00193,1.00257,110,21
32,41,1.00164,1.0003,105,144
30,38,1.00193,1.0003,70,142
46,22,1.00572,1.00799,50,20
46,22,1.00572,1.00599,50,20
----Generation 70--------
46,38,1.00789,1.0003,0,0
46,22,1.00758,1.00799,0,0
46,19,1.00193,1.00799,0,0
46,22,1.00973,1.00799,0,0
30,38,1.00941,1.0003,0,0
----Generation 71--------
50,32,1.00575,1.00001,100,57
29,11,1.00547,1.00072,100,31
29,1,1.00955,1.0036,60,7
47,5,1.0044,1.00127,55,21
46,38,1.00789,1.0003,40,24
----Generation 72--------
11,1,1.0044,1.00127,320,83
6,1,1.00955,1.0003,180,162
47,2,1.00789,1.0003,120,94
47,1,1.00858,1.0036,120,26
47,1,1.00955,1.00095,120,83
----Generation 73--------
6,1,1.00955,1.0003,280,163
3,1,1.00955,1.00095,140,15
47,1,1.00789,1.00934,0,0
47,1,1.00955,1.00851,0,0
47,39,1.00858,1.0036,0,0
----Generation 74--------
3,1,1.00955,1.00095,300,39
14,26,1.00255,1.00348,80,4
37,17,1.00609,1.00201,60,9
6,1,1.00955,1.0003,40,180
5,3,1.00829,1.00138,40,2
----Generation 75--------
6,1,1.00052,1.0003,270,172
22,1,1.00829,1.00138,120,21
3,1,1.00955,1.00095,100,13
6,1,1.00955,1.00149,100,15
6,1,1.00584,1.00138,100,17
----Generation 76--------
6,1,1.00085,1.00149,355,41
6,1,1.00052,1.0003,300,164
6,1,1.00318,1.00095,300,21
6,1,1.00126,1.00149,280,18
4,1,1.00955,1.00095,260,17
----Generation 77--------
6,1,1.00085,1.00149,305,60
4,1,1.00101,1.00095,265,40
6,1,1.00082,1.00149,255,61
5,1,1.00126,1.00149,230,31
27,1,1.00126,1.00095,175,53
----Generation 78--------
5,1,1.00054,1.00149,920,144
4,1,1.00101,1.00095,895,69
5,1,1.00059,1.00149,845,128
5,1,1.00126,1.00036,815,161
6,1,1.00082,1.00138,800,107
----Generation 79--------
5,26,1.00082,1.00138,0,0
5,1,1.00082,1.00615,0,0
6,1,1.00782,1.00138,0,0
6,1,1.00059,1.00182,0,0
29,1,1.00082,1.00149,0,0
----Generation 80--------
5,1,1.00082,1.00615,345,47
12,1,1.00301,1.00479,35,13
13,39,1.00367,1.00732,30,5
14,40,1.00918,1.00316,20,4
14,18,1.00618,1.00076,20,10
----Generation 81--------
5,1,1.00082,1.00615,490,84
33,18,1.00367,1.00076,80,39
33,18,1.00618,1.00076,80,39
49,18,1.00918,1.00316,20,1
13,39,1.00367,1.00738,20,1
----Generation 82--------
5,1,1.00082,1.00615,425,65
33,18,1.00918,1.00089,220,40
33,18,1.00367,1.00076,200,48
33,17,1.00367,1.00076,200,51
49,17,1.00918,1.00076,200,57
----Generation 83--------
32,18,1.00918,1.00076,0,0
49,18,1.00367,1.00849,0,0
33,18,1.00918,1.00332,0,0
33,17,1.00735,1.00076,0,0
33,11,1.00367,1.00076,0,0
----Generation 84--------
21,43,1.00057,1.00152,90,45
9,34,1.00036,1.00577,75,55
11,36,1.00212,1.00574,30,12
4,16,1.00069,1.0042,30,34
13,31,1.0027,1.00801,25,3
----Generation 85--------
4,16,1.00472,1.00801,0,0
4,31,1.0027,1.00884,0,0
50,36,1.00212,1.0042,0,0
11,31,1.00199,1.00801,0,0
11,41,1.00212,1.0042,0,0
----Generation 86--------
15,1,1.00054,1.00571,400,154
15,5,1.00402,1.00694,320,23
38,19,1.00606,1.00174,210,30
40,32,1.00122,1.00159,190,41
39,28,1.00089,1.00398,155,48
----Generation 87--------
40,28,1.00122,1.00806,0,0
28,19,1.00606,1.00159,0,0
38,5,1.00122,1.00174,0,0
45,32,1.00122,1.00159,0,0
40,45,1.00606,1.00159,0,0
----Generation 88--------
35,2,1.00736,1.00229,40,11
6,17,1.0026,1.00368,20,1
27,48,1.00178,1.00522,20,1
37,16,1.00246,1.00244,20,1
44,6,1.0017,1.00964,20,1
----Generation 89--------
27,6,1.00087,1.00964,90,36
44,6,1.00407,1.00964,85,13
27,6,1.0015,1.00522,40,29
44,16,1.00376,1.00244,40,15
27,16,1.00163,1.00244,40,15
----Generation 90--------
8,6,1.0015,1.00522,0,0
44,16,1.00143,1.00244,0,0
45,16,1.00376,1.00244,0,0
27,16,1.0015,1.00732,0,0
12,16,1.00163,1.00244,0,0
----Generation 91--------
8,1,1.00326,1.00353,100,5
50,19,1.00063,1.00318,70,26
43,3,1.00077,1.00927,65,32
44,16,1.00143,1.00244,55,8
12,49,1.00234,1.0083,25,3
----Generation 92--------
44,16,1.00484,1.00244,65,22
44,3,1.00077,1.00524,65,73
44,16,1.00707,1.00244,60,13
44,16,1.00946,1.00244,60,13
30,16,1.00143,1.00244,35,30
----Generation 93--------
42,16,1.00946,1.00244,0,0
30,16,1.00591,1.00244,0,0
48,16,1.00707,1.00244,0,0
44,16,1.00143,1.00511,0,0
44,16,1.00191,1.00244,0,0
----Generation 94--------
37,43,1.00497,1.00143,0,0
29,1,1.00439,1.00557,0,0
6,25,1.00406,1.00223,0,0
35,1,1.0058,1.00008,0,0
8,15,1.0027,1.00038,0,0
----Generation 95--------
13,1,1.00355,1.00782,135,12
6,30,1.00535,1.00297,80,17
25,1,1.00332,1.00557,75,22
10,20,1.00277,1.00927,55,8
4,30,1.00485,1.0053,45,11
----Generation 96--------
4,48,1.00277,1.00927,0,0
4,1,1.00139,1.00557,0,0
39,1,1.00485,1.0053,0,0
4,1,1.00485,1.00394,0,0
25,20,1.00332,1.004,0,0
----Generation 97--------
12,37,1.00268,1.00023,0,0
37,42,1.00842,1.00178,0,0
35,19,1.00385,1.00496,0,0
5,49,1.00725,1.00318,0,0
22,6,1.00665,1.00461,0,0
----Generation 98--------
6,14,1.00936,1.00206,80,6
23,1,1.00496,1.00855,20,1
2,47,1.00639,1.00663,5,9
43,42,1.00721,1.00299,0,0
34,40,1.00829,1.00716,0,0
----Generation 99--------
1,47,1.00639,1.00663,0,0
2,47,1.00449,1.00663,0,0
2,38,1.00639,1.00663,0,0
2,47,1.00515,1.00663,0,0
2,40,1.00639,1.00663,0,0
----Generation 100--------
1,27,1.00448,1.00915,60,10
39,2,1.00391,1.00959,30,19
16,10,1.00613,1.00105,20,11
16,27,1.00185,1.00834,20,1
12,37,1.00224,1.00807,10,18
----Generation 101--------
44,27,1.00185,1.00105,100,9
16,34,1.00224,1.00807,40,2
16,23,1.00613,1.00105,20,5
18,37,1.00185,1.00807,15,6
16,10,1.00185,1.00529,5,2
----Generation 102--------
16,36,1.00185,1.00105,60,20
16,36,1.00613,1.00105,60,20
28,10,1.00185,1.00807,50,6
16,10,1.00185,1.00126,25,3
16,10,1.00185,1.0097,25,3
----Generation 103--------
16,10,1.00185,1.00658,0,0
28,10,1.00391,1.00807,0,0
16,10,1.00441,1.0097,0,0
28,10,1.00867,1.00126,0,0
16,10,1.0036,1.0097,0,0
----Generation 104--------
27,15,1.00354,1.00259,0,0
35,27,1.00357,1.00977,0,0
23,36,1.0088,1.00392,0,0
14,49,1.00856,1.00289,0,0
19,32,1.00756,1.00179,0,0
----Generation 105--------
4,22,1.00891,1.00371,0,0
50,33,1.00268,1.0033,0,0
13,5,1.00365,1.00918,0,0
49,45,1.0086,1.00411,0,0
33,35,1.00633,1.00024,0,0
----Generation 106--------
4,2,1.00053,1.00447,330,34
5,1,1.00725,1.00044,220,94
42,35,1.00063,1.00131,25,3
26,39,1.00914,1.00022,20,71
2,36,1.00395,1.00695,5,2
----Generation 107--------
4,2,1.00053,1.00447,65,12
40,35,1.00395,1.00695,0,0
26,39,1.00395,1.00328,0,0
26,39,1.00395,1.00313,0,0
42,39,1.00914,1.00182,0,0
----Generation 108--------
4,12,1.00523,1.00538,0,0
16,11,1.00625,1.00945,0,0
19,13,1.00428,1.00834,0,0
22,20,1.00826,1.00983,0,0
7,1,1.00204,1.0012,0,0
----Generation 109--------
47,34,1.00069,1.00138,0,0
4,24,1.00076,1.00036,0,0
41,36,1.00879,1.00516,0,0
5,22,1.00603,1.00928,0,0
17,7,1.00587,1.00332,0,0
----Generation 110--------
20,36,1.00232,1.00156,120,12
12,40,1.00863,1.00254,80,16
5,41,1.00597,1.00367,60,12
31,39,1.0049,1.00073,40,12
2,32,1.00634,1.00614,20,1
----Generation 111--------
31,32,1.00634,1.00067,0,0
5,41,1.00551,1.00367,0,0
31,32,1.00634,1.00412,0,0
2,32,1.0098799999999999,1.00073,0,0
2,38,1.00597,1.00367,0,0
----Generation 112--------
37,50,1.00173,1.00177,0,0
13,28,1.00577,1.0034,0,0
5,23,1.0075,1.0079,0,0
48,3,1.0059,1.0042,0,0
41,42,1.00208,1.005,0,0
----Generation 113--------
37,26,1.0094,1.00848,0,0
13,27,1.00142,1.00985,0,0
45,15,1.00774,1.003,0,0
14,23,1.007,1.00229,0,0
22,6,1.00579,1.00515,0,0
----Generation 114--------
6,1,1.00051,1.00606,515,83
4,44,1.00136,1.00348,80,19
7,2,1.00468,1.00157,60,9
7,45,1.00277,1.0072,60,3
22,26,1.00972,1.00065,60,6
----Generation 115--------
22,13,1.00468,1.00157,0,0
7,35,1.00277,1.0072,0,0
7,50,1.00468,1.0072,0,0
34,2,1.00972,1.00157,0,0
22,11,1.00468,1.00065,0,0
----Generation 116--------
16,29,1.00652,1.00702,0,0
1,22,1.00941,1.00123,0,0
21,46,1.00428,1.00027,0,0
30,20,1.00776,1.00202,0,0
47,31,1.00026,1.0001,0,0
----Generation 117--------
2,19,1.00371,1.00132,45,10
40,8,1.00556,1.00171,20,15
1,5,1.00296,1.00775,20,1
18,33,1.00169,1.00849,10,4
4,20,1.00337,1.00473,5,2
----Generation 118--------
4,5,1.00337,1.0008,0,0
4,5,1.00554,1.00473,0,0
18,33,1.00296,1.00179,0,0
4,33,1.00337,1.00849,0,0
6,5,1.00337,1.00473,0,0
----Generation 119--------
21,3,1.00066,1.00897,110,32
46,11,1.00039,1.00873,80,14
18,9,1.00415,1.00185,60,13
9,10,1.00038,1.00855,55,8
42,31,1.00076,1.00547,40,2
----Generation 120--------
9,1,1.00038,1.00855,260,70
18,1,1.00038,1.00855,185,58
9,3,1.00038,1.00855,175,44
9,3,1.00038,1.00855,175,44
18,10,1.00038,1.00817,75,27
----Generation 121--------
16,10,1.00038,1.00817,0,0
18,10,1.00038,1.00817,0,0
18,3,1.00514,1.00855,0,0
9,10,1.00642,1.00817,0,0
9,24,1.00038,1.00855,0,0
----Generation 122--------
40,29,1.00509,1.00073,40,2
38,8,1.00178,1.00611,20,1
23,19,1.00026,1.00367,15,6
16,10,1.00038,1.00817,5,9
28,9,1.00177,1.00985,5,2
----Generation 123--------
23,19,1.0028,1.00367,0,0
28,10,1.00177,1.00121,0,0
23,10,1.00026,1.00701,0,0
14,9,1.00026,1.00985,0,0
16,10,1.00595,1.00817,0,0
----Generation 124--------
29,47,1.0052,1.00169,40,2
13,20,1.00896,1.00132,40,4
11,32,1.00256,1.00319,20,1
17,41,1.00147,1.00609,20,22
8,35,1.00665,1.00418,20,1
----Generation 125--------
17,35,1.00665,1.00388,0,0
17,13,1.00256,1.00609,0,0
11,35,1.00083,1.00319,0,0
8,35,1.00665,1.0046,0,0
11,41,1.00147,1.00043,0,0
----Generation 126--------
43,48,1.00291,1.00655,0,0
2,7,1.00382,1.00991,0,0
16,25,1.00219,1.00984,0,0
41,18,1.00092,1.006,0,0
43,1,1.00589,1.00376,0,0
----Generation 127--------
16,45,1.00617,1.00467,0,0
10,14,1.00873,1.0092,0,0
3,18,1.00333,1.00393,0,0
22,2,1.00301,1.00733,0,0
9,48,1.00696,1.00328,0,0
----Generation 128--------
11,34,1.00421,1.00246,30,5
27,1,1.00372,1.00649,20,1
28,7,1.00229,1.00958,15,6
2,9,1.00252,1.00367,10,4
20,17,1.00828,1.0041,0,0
----Generation 129--------
2,23,1.00252,1.00367,0,0
28,26,1.00229,1.00958,0,0
28,9,1.00252,1.00347,0,0
22,7,1.00229,1.00958,0,0
2,9,1.00252,1.00594,0,0
----Generation 130--------
7,4,1.00672,1.00639,0,0
11,4,1.00631,1.00793,0,0
40,13,1.00326,1.00413,0,0
38,29,1.00617,1.00818,0,0
8,7,1.00937,1.00135,0,0
----Generation 131--------
22,34,1.00639,1.00067,0,0
25,46,1.00949,1.00028,0,0
42,22,1.00255,1.00276,0,0
27,8,1.00621,1.0098799999999999,0,0
44,47,1.00482,1.00107,0,0
----Generation 132--------
1,36,1.00758,1.00686,80,11
3,48,1.00461,1.0095,75,23
5,47,1.00437,1.00745,75,23
4,37,1.00783,1.00773,70,7
1,49,1.00449,1.00825,60,24
----Generation 133--------
16,47,1.00783,1.00773,0,0
16,37,1.00783,1.00825,0,0
4,37,1.00991,1.00773,0,0
1,47,1.00437,1.00781,0,0
23,37,1.00783,1.00825,0,0
----Generation 134--------
7,21,1.00229,1.00228,65,16
20,48,1.00642,1.00186,40,8
47,12,1.00234,1.0097,35,14
37,28,1.00081,1.00773,30,12
3,50,1.00497,1.00713,25,3
----Generation 135--------
37,37,1.00081,1.00773,0,0
47,28,1.00155,1.0097,0,0
37,28,1.00497,1.00171,0,0
37,28,1.00081,1.00075,0,0
47,12,1.00228,1.00713,0,0
----Generation 136--------
49,7,1.00249,1.00779,0,0
4,48,1.00155,1.00261,0,0
23,49,1.00477,1.00883,0,0
14,10,1.00823,1.00012,0,0
42,7,1.00167,1.00698,0,0
----Generation 137--------
39,16,1.00716,1.00504,0,0
10,13,1.00211,1.00762,0,0
21,46,1.00967,1.00306,0,0
37,19,1.00511,1.00892,0,0
49,42,1.00104,1.00202,0,0
----Generation 138--------
3,12,1.00514,1.00162,40,2
35,43,1.00056,1.00479,25,3
37,1,1.00578,1.00286,20,1
36,2,1.00552,1.00166,20,3
18,38,1.00455,1.00335,0,0
----Generation 139--------
37,1,1.00578,1.00022,80,41
37,1,1.00578,1.00027,80,41
23,1,1.00578,1.00286,60,5
21,1,1.00552,1.00286,60,5
36,1,1.00408,1.00286,60,7
----Generation 140--------
14,1,1.00408,1.00286,60,3
6,1,1.00408,1.00286,40,2
23,1,1.00578,1.00156,40,27
21,1,1.00408,1.00674,25,4
36,1,1.00408,1.00203,25,19
----Generation 141--------
36,1,1.00578,1.0092,0,0
16,1,1.00408,1.00203,0,0
36,48,1.00408,1.00203,0,0
32,1,1.00408,1.00156,0,0
36,1,1.00688,1.00203,0,0
----Generation 142--------
16,1,1.00408,1.00203,160,12
31,2,1.00551,1.00256,80,6
46,19,1.00683,1.00195,20,6
47,23,1.00781,1.00954,0,0
8,23,1.00967,1.00828,0,0
----Generation 143--------
10,19,1.00683,1.00195,0,0
46,8,1.00683,1.00195,0,0
35,19,1.00683,1.00195,0,0
46,19,1.00735,1.00195,0,0
46,4,1.00683,1.00195,0,0
----Generation 144--------
16,41,1.00952,1.00385,0,0
45,36,1.00367,1.00479,0,0
8,2,1.00391,1.00176,0,0
26,6,1.00991,1.00618,0,0
44,40,1.00821,1.0055,0,0
----Generation 145--------
29,5,1.00953,1.00086,0,0
49,5,1.00345,1.00867,0,0
33,26,1.00474,1.00069,0,0
20,10,1.00995,1.00787,0,0
36,33,1.00969,1.0096,0,0
----Generation 146--------
35,6,1.00037,1.00442,0,0
12,18,1.00268,1.00163,0,0
30,6,1.00844,1.00701,0,0
27,39,1.00358,1.00955,0,0
22,36,1.00983,1.00816,0,0
----Generation 147--------
9,1,1.00202,1.00644,165,17
19,2,1.00274,1.00854,90,15
50,2,1.00304,1.00814,25,3
22,2,1.00778,1.00041,20,54
41,17,1.00147,1.0085,5,9
----Generation 148--------
9,1,1.00202,1.00644,390,37
32,2,1.00304,1.00814,140,49
32,2,1.00304,1.00814,140,49
19,2,1.00274,1.00854,140,35
23,2,1.00304,1.00814,105,35
----Generation 149--------
9,1,1.00202,1.00644,505,50
23,2,1.00077,1.00814,505,66
23,2,1.00048,1.00814,435,75
19,2,1.00146,1.00814,430,55
19,2,1.00304,1.0027,425,87
----Generation 150--------
19,43,1.00048,1.00814,0,0
5,2,1.00048,1.0027,0,0
19,2,1.00877,1.0027,0,0
19,18,1.00304,1.00814,0,0
40,2,1.00146,1.00814,0,0
----Generation 151--------
31,41,1.00381,1.00688,0,0
10,39,1.00382,1.00783,0,0
24,26,1.00377,1.00512,0,0
48,24,1.00673,1.00602,0,0
47,35,1.00593,1.00517,0,0
----Generation 152--------
40,12,1.0045,1.00592,40,2
31,22,1.00112,1.00296,40,2
9,18,1.00247,1.00803,35,7
5,31,1.00606,1.00663,30,5
1,30,1.00793,1.00301,25,3
----Generation 153--------
9,31,1.00326,1.00803,0,0
9,18,1.00606,1.00533,0,0
34,31,1.00606,1.00803,0,0
5,31,1.00611,1.00663,0,0
5,31,1.00606,1.00461,0,0
----Generation 154--------
5,45,1.00108,1.0057,0,0
34,31,1.00195,1.0034,0,0
4,3,1.00577,1.00883,0,0
45,43,1.00696,1.00467,0,0
18,20,1.00769,1.00141,0,0
----Generation 155--------
6,23,1.00358,1.00837,0,0
48,12,1.00866,1.00124,0,0
2,33,1.00157,1.00132,0,0
12,42,1.00556,1.00739,0,0
22,46,1.00923,1.00359,0,0
----Generation 156--------
7,39,1.00197,1.00649,75,30
9,34,1.00644,1.00376,40,2
27,41,1.00277,1.00152,20,5
14,44,1.00251,1.00921,20,15
40,46,1.00817,1.00102,20,5
----Generation 157--------
14,44,1.00251,1.00536,0,0
2,46,1.00817,1.00102,0,0
27,35,1.00277,1.00921,0,0
40,43,1.00251,1.00102,0,0
14,44,1.00251,1.0088,0,0
----Generation 158--------
9,5,1.00177,1.00306,0,0
49,19,1.00146,1.00954,0,0
18,7,1.00607,1.00085,0,0
27,10,1.00548,1.00204,0,0
46,11,1.00089,1.0086,0,0
----Generation 159--------
32,15,1.00045,1.00649,115,34
15,1,1.00006,1.00326,80,99
14,1,1.00049,1.00751,70,72
47,3,1.00164,1.00703,15,13
49,19,1.00146,1.00954,10,4
----Generation 160--------
7,1,1.00049,1.00751,360,139
10,1,1.00146,1.00751,235,45
14,1,1.00148,1.00954,190,56
13,1,1.00146,1.00954,185,54
14,1,1.00262,1.00954,130,17
----Generation 161--------
10,1,1.00146,1.00751,190,34
6,1,1.00146,1.00954,155,20
11,1,1.00148,1.00954,125,36
14,1,1.00221,1.00954,100,19
9,1,1.00262,1.00954,50,6
----Generation 162--------
9,1,1.00391,1.00954,0,0
11,1,1.00384,1.00954,0,0
14,1,1.00262,1.00703,0,0
30,1,1.00148,1.00954,0,0
11,1,1.00893,1.00954,0,0
----Generation 163--------
37,13,1.00189,1.00102,70,14
9,1,1.00391,1.00954,40,2
47,28,1.00229,1.00166,20,1
28,9,1.00921,1.00205,20,1
41,32,1.00901,1.00052,20,2
----Generation 164--------
47,9,1.00613,1.00205,0,0
28,28,1.00921,1.00205,0,0
41,32,1.00901,1.00511,0,0
41,9,1.00901,1.00481,0,0
29,32,1.00229,1.00052,0,0
----Generation 165--------
15,1,1.00139,1.00852,125,65
12,35,1.00256,1.00126,120,33
2,7,1.0016,1.00837,55,8
24,22,1.00304,1.00005,40,84
6,34,1.00321,1.00645,25,3
----Generation 166--------
15,1,1.00139,1.00852,195,71
2,25,1.00321,1.00837,60,10
6,22,1.00304,1.005,55,8
6,22,1.00304,1.00535,55,8
6,22,1.00321,1.00523,50,6
----Generation 167--------
6,22,1.00111,1.00535,0,0
15,22,1.00321,1.005,0,0
2,22,1.00321,1.005,0,0
11,22,1.00304,1.005,0,0
31,22,1.00304,1.00535,0,0
----Generation 168--------
12,46,1.00292,1.00684,225,52
12,31,1.00368,1.00481,65,16
3,46,1.00813,1.00709,65,11
8,36,1.00951,1.00753,60,3
6,23,1.00618,1.00522,40,4
----Generation 169--------
8,36,1.00849,1.00753,0,0
17,46,1.00813,1.00709,0,0
8,36,1.00813,1.00594,0,0
23,36,1.00951,1.00522,0,0
3,46,1.00618,1.00222,0,0
----Generation 170--------
10,17,1.00337,1.00911,120,13
46,31,1.00279,1.00952,65,12
47,25,1.00619,1.00185,60,11
15,21,1.00048,1.00811,60,87
13,8,1.00153,1.00782,60,10
----Generation 171--------
47,21,1.00871,1.00811,0,0
39,8,1.00153,1.00811,0,0
15,25,1.00048,1.00516,0,0
47,21,1.00619,1.00154,0,0
22,25,1.00619,1.00185,0,0
----Generation 172--------
4,11,1.00693,1.00331,0,0
32,6,1.0059,1.00005,0,0
43,37,1.00692,1.00893,0,0
11,48,1.00289,1.00607,0,0
13,31,1.00824,1.00156,0,0
----Generation 173--------
6,1,1.00833,1.00055,460,68
35,19,1.00199,1.00155,65,20
33,12,1.00227,1.00271,50,21
26,1,1.00295,1.00215,45,30
5,10,1.00717,1.004,40,4
----Generation 174--------
5,10,1.00717,1.00099,0,0
33,12,1.00119,1.00271,0,0
26,1,1.00591,1.00215,0,0
26,1,1.00348,1.00215,0,0
26,1,1.00295,1.00633,0,0
----Generation 175--------
39,9,1.00469,1.00014,100,49
24,19,1.00186,1.00045,80,18
36,20,1.00187,1.00028,65,38
35,5,1.00839,1.00067,60,29
35,21,1.00748,1.0015,40,7
----Generation 176--------
36,5,1.00839,1.00915,60,10
36,5,1.00839,1.00902,60,10
35,5,1.00839,1.00295,55,16
36,5,1.00839,1.00466,40,11
18,21,1.00187,1.0015,20,3
----Generation 177--------
35,5,1.00343,1.0015,140,30
36,5,1.00793,1.0015,120,27
35,5,1.0016,1.00295,80,31
18,21,1.00057,1.0015,75,9
12,5,1.00187,1.0015,60,23
----Generation 178--------
12,5,1.00383,1.00295,0,0
35,18,1.00187,1.00295,0,0
12,21,1.00187,1.00657,0,0
35,5,1.0016,1.00803,0,0
12,5,1.00057,1.00984,0,0
----Generation 179--------
36,31,1.00868,1.00621,0,0
48,15,1.00172,1.00379,0,0
10,37,1.00087,1.00448,0,0
32,17,1.00612,1.00558,0,0
3,22,1.00323,1.00097,0,0
----Generation 180--------
26,48,1.00314,1.00271,0,0
46,49,1.00383,1.00314,0,0
37,35,1.00845,1.00584,0,0
33,45,1.00668,1.00658,0,0
33,38,1.00459,1.00287,0,0
----Generation 181--------
28,11,1.00607,1.00294,80,4
9,1,1.00361,1.00501,60,3
24,4,1.00378,1.00167,35,35
32,3,1.00322,1.00368,30,39
19,29,1.00182,1.0023,25,3
----Generation 182--------
19,28,1.00182,1.0023,0,0
32,11,1.00378,1.00368,0,0
8,29,1.00322,1.00368,0,0
32,4,1.0051,1.00368,0,0
32,3,1.00378,1.00304,0,0
----Generation 183--------
19,28,1.00182,1.0023,60,10
8,41,1.00251,1.00622,60,31
26,39,1.00178,1.0083,40,16
25,33,1.00137,1.00386,35,14
30,25,1.00931,1.00137,20,3
----Generation 184--------
25,33,1.00178,1.00157,0,0
30,25,1.00931,1.00338,0,0
26,2,1.00931,1.0083,0,0
36,33,1.00931,1.00137,0,0
30,45,1.00178,1.00137,0,0
----Generation 185--------
33,15,1.00168,1.00897,60,3
14,12,1.00193,1.00653,0,0
45,40,1.0006,1.00755,0,0
46,8,1.00705,1.00605,0,6
24,35,1.00317,1.00232,0,0
----Generation 186--------
23,46,1.00376,1.00165,80,24
40,1,1.00521,1.00886,45,11
50,3,1.00594,1.00167,5,64
9,5,1.00431,1.00349,0,0
14,26,1.00777,1.00278,0,2
----Generation 187--------
50,33,1.00594,1.00167,0,0
50,22,1.00594,1.00167,0,0
50,3,1.00594,1.00879,0,0
50,5,1.00594,1.00167,0,0
50,13,1.00594,1.00167,0,0
----Generation 188--------
1,30,1.00747,1.00453,0,0
20,11,1.00511,1.00189,0,0
6,23,1.00619,1.00561,0,0
43,11,1.0051,1.00769,0,0
12,39,1.00236,1.0074,0,0
----Generation 189--------
26,18,1.0029,1.00638,0,0
13,6,1.00238,1.00456,0,0
39,42,1.00975,1.00641,0,0
36,1,1.00364,1.00439,0,0
25,23,1.00151,1.00611,0,0
----Generation 190--------
10,46,1.0012,1.00123,60,16
32,40,1.00301,1.00079,40,3
19,33,1.0009,1.00336,40,2
17,2,1.00335,1.00132,30,13
50,12,1.00276,1.00089,30,9
----Generation 191--------
17,2,1.0009,1.00114,235,113
19,2,1.0009,1.00485,190,82
19,2,1.0009,1.00224,150,90
17,2,1.00335,1.0083,115,12
36,12,1.00276,1.00132,55,25
----Generation 192--------
38,12,1.00276,1.00132,100,11
17,1,1.00276,1.00132,80,27
36,13,1.00276,1.00132,60,8
27,2,1.00335,1.00132,60,17
19,2,1.00255,1.0083,45,4
----Generation 193--------
17,1,1.00276,1.00132,140,97
27,2,1.00797,1.00132,80,86
27,2,1.00617,1.00132,80,86
27,2,1.00633,1.00132,80,86
27,48,1.00255,1.0083,70,7
----Generation 194--------
27,47,1.00255,1.00132,0,0
27,2,1.00633,1.00342,0,0
27,43,1.00633,1.0083,0,0
38,2,1.00633,1.00132,0,0
15,2,1.00617,1.00132,0,0
----Generation 195--------
8,38,1.00998,1.00305,0,0
19,45,1.00795,1.00757,0,0
32,3,1.0083,1.004,0,0
25,26,1.00065,1.00572,0,0
31,18,1.00638,1.00129,0,0
----Generation 196--------
6,1,1.00215,1.00218,80,4
24,1,1.00392,1.00145,30,22
6,44,1.00664,1.00169,20,24
32,43,1.00873,1.00053,20,20
9,22,1.00589,1.0025,20,5
----Generation 197--------
6,44,1.00664,1.0056,0,0
9,8,1.00589,1.00053,0,0
32,43,1.00589,1.00041,0,0
48,44,1.00664,1.00053,0,0
32,22,1.00589,1.0074,0,0
----Generation 198--------
47,16,1.00502,1.00511,0,0
19,7,1.00912,1.00656,0,0
16,3,1.00158,1.0064,0,0
47,12,1.00281,1.00907,0,0
45,32,1.00436,1.00856,0,0
----Generation 199--------
31,10,1.00601,1.00045,100,27
31,12,1.00287,1.00185,40,3
44,3,1.00234,1.00238,40,2
33,24,1.00248,1.00198,20,1
50,8,1.00141,1.00956,20,2
----Generation 200--------
2,8,1.00141,1.00238,0,0
44,41,1.00234,1.00238,0,0
50,8,1.00916,1.00956,0,0
44,24,1.00613,1.00238,0,0
33,29,1.00248,1.00956,0,0
----Generation 201--------
50,22,1.00807,1.00049,0,0
43,22,1.00603,1.00871,0,0
26,20,1.00662,1.00653,0,0
30,18,1.0093,1.00068,0,0
38,43,1.00047,1.0042,0,0
----Generation 202--------
11,3,1.00141,1.00605,275,53
8,2,1.00259,1.00823,270,38
17,4,1.00176,1.00553,255,51
18,7,1.00117,1.00427,245,52
21,2,1.00327,1.00931,230,46
----Generation 203--------
21,2,1.00327,1.00393,0,0
38,7,1.00176,1.00427,0,0
17,4,1.00176,1.00836,0,0
21,4,1.00754,1.00553,0,0
21,7,1.00327,1.0029,0,0
----Generation 204--------
42,28,1.00735,1.00109,0,0
44,29,1.00442,1.00229,0,0
17,29,1.00989,1.00606,0,0
23,46,1.00703,1.00987,0,0
14,42,1.00847,1.0054400000000001,0,0
----Generation 205--------
8,33,1.00348,1.00625,85,27
5,11,1.0017,1.00669,60,17
42,34,1.00076,1.00817,55,50
2,48,1.00507,1.0069,30,42
7,2,1.00246,1.00352,10,4
----Generation 206--------
42,48,1.00341,1.0069,0,0
7,48,1.00076,1.00352,0,0
37,2,1.00076,1.00352,0,0
26,2,1.00246,1.00352,0,0
10,34,1.00246,1.00352,0,0
----Generation 207--------
1,22,1.00633,1.00056,0,0
21,23,1.00358,1.00938,0,0
18,33,1.00245,1.00967,0,0
7,41,1.00014,1.00205,0,0
1,7,1.00487,1.0002,0,0
----Generation 208--------
31,10,1.00432,1.0099,0,0
16,16,1.00302,1.00075,0,0
20,33,1.00933,1.00239,0,0
44,40,1.00552,1.00439,0,0
48,8,1.00616,1.00088,0,0
----Generation 209--------
36,47,1.00236,1.00428,0,0
40,33,1.00951,1.00139,0,0
37,32,1.00421,1.00851,0,0
35,22,1.00007,1.00932,0,0
4,19,1.00376,1.00108,0,0
----Generation 210--------
50,41,1.00275,1.00048,60,7
33,3,1.00166,1.00908,50,6
30,8,1.0066,1.00263,40,2
14,40,1.00194,1.00189,25,4
28,8,1.00157,1.00396,25,3
----Generation 211--------
1,8,1.0066,1.00396,0,0
4,40,1.0066,1.00263,0,0
30,8,1.00194,1.00337,0,0
28,40,1.00157,1.00207,0,0
30,8,1.00952,1.00263,0,0
----Generation 212--------
16,49,1.00848,1.00398,0,0
11,36,1.00195,1.00647,0,0
28,18,1.00227,1.00484,0,0
9,45,1.006,1.00904,0,0
32,1,1.00144,1.0067,0,0
----Generation 213--------
9,2,1.00192,1.00796,0,0
32,6,1.00777,1.00808,0,0
46,7,1.0039,1.00601,0,0
41,44,1.00413,1.00623,0,0
9,16,1.00634,1.00244,0,0
----Generation 214--------
47,7,1.00033,1.00034,0,0
43,33,1.0037,1.00157,0,0
48,26,1.00407,1.0054,0,0
23,43,1.00326,1.00777,0,0
16,38,1.00486,1.00512,0,0
----Generation 215--------
4,42,1.00428,1.00287,0,0
12,12,1.00856,1.00208,0,0
43,4,1.00387,1.00508,0,0
41,25,1.00423,1.00132,0,0
49,32,1.00868,1.00873,0,0
----Generation 216--------
20,2,1.00232,1.00411,0,0
18,50,1.0013,1.00987,0,0
19,29,1.00534,1.00581,0,0
22,28,1.00008,1.0017,0,0
21,46,1.00242,1.00969,0,0
----Generation 217--------
41,1,1.00248,1.00964,360,130
46,6,1.00489,1.00688,155,88
49,15,1.00867,1.0085,140,28
24,10,1.0045,1.00942,125,22
24,9,1.00687,1.00315,115,27
----Generation 218--------
6,10,1.0045,1.0085,0,0
49,4,1.0045,1.00942,0,0
50,10,1.00867,1.0085,0,0
49,9,1.0088,1.0085,0,0
21,15,1.0045,1.0085,0,0
----Generation 219--------
30,3,1.00675,1.00548,0,0
42,42,1.00886,1.00431,0,0
13,6,1.00796,1.00373,0,0
49,24,1.00662,1.00531,0,0
1,49,1.00707,1.00981,0,0
----Generation 220--------
20,44,1.00877,1.0035,40,4
12,34,1.00404,1.0038,40,8
6,31,1.00533,1.00456,20,7
11,33,1.00934,1.00536,20,1
22,45,1.00355,1.00342,20,3
----Generation 221--------
20,33,1.00934,1.00536,0,0
22,45,1.00404,1.00342,0,0
24,33,1.00355,1.00342,0,0
43,45,1.00355,1.00342,0,0
22,45,1.00533,1.00663,0,0
----Generation 222--------
29,25,1.00316,1.00597,0,0
25,21,1.0017,1.00159,0,0
13,27,1.00873,1.00229,0,0
1,44,1.00787,1.00645,0,0
15,41,1.00277,1.00566,0,0
----Generation 223--------
24,29,1.00787,1.00414,0,0
39,16,1.00713,1.00341,0,0
24,22,1.00475,1.00518,0,0
29,22,1.00761,1.00691,0,0
50,10,1.00789,1.00519,0,0
----Generation 224--------
6,1,1.00311,1,170,216
26,8,1.00311,1.00892,35,7
19,2,1.00296,1.00182,25,74
25,20,1.00145,1.00194,10,4
24,29,1.00787,1.00414,0,0
----Generation 225--------
32,20,1.00145,1.00194,0,0
18,2,1.00145,1.00194,0,0
19,20,1.0007,1.00194,0,0
25,35,1.00296,1.00194,0,0
19,2,1.00296,1.00328,0,0
----Generation 226--------
17,27,1.00765,1.00061,0,0
26,26,1.00254,1.00431,0,0
35,48,1.00316,1.00641,0,0
5,19,1.00367,1.00884,0,0
33,48,1.00946,1.00866,0,0
----Generation 227--------
49,11,1.00782,1.00367,40,2
3,39,1.00404,1.00636,30,5
35,27,1.0089,1.00099,20,1
38,18,1.00877,1.0015,20,17
41,12,1.00539,1.0032,20,1
----Generation 228--------
41,12,1.0012,1.0032,90,9
7,18,1.00877,1.0015,20,5
35,27,1.0089,1.00149,0,0
34,27,1.0089,1.0015,0,0
25,27,1.00539,1.00099,0,0
----Generation 229--------
32,26,1.00776,1.00576,0,0
11,28,1.00568,1.00813,0,0
24,31,1.00061,1.00758,0,0
36,26,1.00454,1.00845,0,0
3,19,1.00533,1.00952,0,0
----Generation 230--------
40,37,1.00727,1.00949,0,0
24,8,1.00876,1.00019,0,0
3,50,1.00893,1.00472,0,0
31,50,1.0081,1.00337,0,0
32,10,1.00278,1.00293,0,0
----Generation 231--------
36,30,1.00129,1.00051,20,4
38,37,1.00083,1.00002,20,40
24,37,1.00888,1.00677,0,0
28,6,1.00307,1.00695,0,0
25,17,1.0097,1.00515,0,0
----Generation 232--------
49,25,1.00561,1.00158,100,19
50,3,1.00367,1.00842,85,8
41,2,1.0076,1.00286,80,23
36,43,1.00438,1.00043,80,7
44,16,1.00637,1.0029,60,11
----Generation 233--------
36,27,1.0076,1.00286,0,0
44,16,1.00637,1.00658,0,0
16,2,1.0076,1.00043,0,0
13,2,1.0076,1.00043,0,0
44,19,1.00637,1.0029,0,0
----Generation 234--------
14,1,1.00682,1.00789,0,0
8,50,1.00133,1.00045,0,0
9,14,1.00879,1.00567,0,0
25,38,1.0079,1.00249,0,0
1,28,1.00384,1.00881,0,0
----Generation 235--------
20,36,1.00144,1.00237,155,38
15,33,1.0052,1.00233,120,16
9,33,1.00711,1.00405,100,11
6,50,1.00486,1.00747,90,8
34,49,1.00772,1.00215,80,10
----Generation 236--------
9,33,1.00106,1.00215,125,37
6,49,1.00772,1.00303,100,22
9,49,1.00711,1.00253,100,24
9,50,1.00486,1.00256,80,23
6,50,1.00405,1.00405,80,6
----Generation 237--------
6,49,1.00267,1.00405,55,9
19,50,1.00486,1.00256,20,1
31,50,1.00405,1.00256,20,1
9,18,1.00711,1.00256,20,3
13,50,1.00405,1.00256,20,4
----Generation 238--------
9,50,1.00405,1.00917,0,0
9,18,1.00711,1.00244,0,0
31,11,1.00405,1.00256,0,0
14,50,1.00711,1.00256,0,0
31,47,1.00405,1.00256,0,0
----Generation 239--------
8,48,1.00418,1.00802,0,0
27,3,1.00039,1.00993,0,0
36,7,1.00328,1.00913,0,0
12,27,1.00287,1.0038,0,0
39,28,1.00127,1.00705,0,0
----Generation 240--------
49,4,1.00363,1.00304,0,0
5,24,1.00736,1.00725,0,0
50,40,1.00664,1.00022,0,0
33,27,1.00797,1.00132,0,0
1,25,1.00384,1.00608,0,0
----Generation 241--------
8,13,1.00085,1.00752,5,2
42,29,1.00649,1.00216,0,0
43,4,1.00439,1.00812,0,0
25,4,1.00227,1.00591,0,0
38,16,1.00612,1.00481,0,0
----Generation 242--------
11,17,1.00079,1.00724,0,0
44,34,1.00326,1.00219,0,0
50,3,1.00087,1.00225,0,0
38,48,1.00073,1.0069,0,0
17,38,1.00211,1.00821,0,0
----Generation 243--------
17,41,1.00789,1.00419,80,4
11,41,1.00517,1.00282,80,8
48,27,1.00118,1.00479,55,15
39,31,1.00147,1.00844,45,4
46,27,1.00198,1.0088,25,10
----Generation 244--------
46,31,1.00198,1.0013,0,0
29,27,1.00118,1.00479,0,0
39,31,1.00984,1.00844,0,0
39,20,1.00147,1.00844,0,0
48,31,1.0089,1.00479,0,0
----Generation 245--------
34,29,1.00214,1.00582,0,0
7,20,1.00147,1.00244,0,0
19,40,1.00605,1.00557,0,0
20,47,1.00994,1.00884,0,0
31,29,1.00633,1.00731,0,0
----Generation 246--------
8,1,1.00275,1.00021,220,102
13,1,1.0028,1.00401,150,11
27,37,1.00369,1.00066,60,20
10,1,1.00302,1.00261,60,3
26,47,1.00102,1.00434,20,22
----Generation 247--------
50,37,1.00369,1.00434,0,0
13,47,1.00102,1.00434,0,0
27,37,1.00369,1.00356,0,0
27,47,1.00353,1.00434,0,0
27,47,1.00224,1.00434,0,0
----Generation 248--------
11,1,1.00119,1.00606,185,91
20,1,1.00349,1.00745,95,10
9,1,1.00313,1.00453,65,5
19,30,1.00912,1.0024,40,2
46,7,1.00954,1.00622,20,1
----Generation 249--------
19,1,1.00313,1.00622,130,17
16,1,1.00313,1.0024,130,31
20,1,1.00349,1.00745,110,16
46,9,1.00954,1.00453,60,7
46,1,1.00962,1.00453,60,19
----Generation 250--------
36,1,1.00954,1.00453,0,0
46,7,1.00954,1.00453,0,0
21,1,1.00962,1.00745,0,0
46,44,1.00962,1.00745,0,0
46,1,1.00962,1.007,0,0
----Generation 251--------
30,6,1.00098,1.00208,0,0
11,22,1.00338,1.00123,0,0
29,6,1.00411,1.00131,0,0
45,30,1.00908,1.00421,0,0
38,13,1.00404,1.00586,0,0
----Generation 252--------
13,1,1.0027,1.00498,60,3
17,8,1.00175,1.00078,45,18
11,15,1.00056,1.00103,35,9
47,6,1.00857,1.00062,20,22
10,2,1.00337,1.00314,20,1
----Generation 253--------
26,6,1.00857,1.00062,120,32
10,6,1.00687,1.00062,100,20
34,15,1.00857,1.00062,80,22
47,10,1.00857,1.00062,80,19
13,1,1.0027,1.00498,60,3
----Generation 254--------
34,15,1.00575,1.00062,0,0
13,10,1.00953,1.00498,0,0
34,5,1.00857,1.00062,0,0
45,10,1.00857,1.00062,0,0
34,20,1.00857,1.00062,0,0
----Generation 255--------
13,23,1.00752,1.00435,0,0
25,12,1.00997,1.00934,0,0
29,38,1.0068,1.00899,0,0
36,17,1.00294,1.0021,0,0
15,6,1.0015,1.00355,0,0
----Generation 256--------
17,26,1.00192,1.00593,0,0
22,50,1.00549,1.00856,0,0
7,13,1.00221,1.00748,0,0
49,45,1.00107,1.0047,0,0
8,15,1.00773,1.00166,0,0
----Generation 257--------
38,16,1.00252,1.00052,60,11
47,1,1.00746,1.00165,40,6
5,1,1.00252,1.00837,40,2
15,11,1.00073,1.00837,30,5
20,4,1.008,1.00111,20,14
----Generation 258--------
15,4,1.00073,1.00078,0,0
15,14,1.00252,1.00837,0,0
27,4,1.00073,1.00111,0,0
5,1,1.00223,1.00837,0,0
6,11,1.00073,1.00837,0,0
----Generation 259--------
20,24,1.00324,1.004,0,0
36,45,1.00128,1.00558,0,0
40,6,1.00112,1.00335,0,0
46,24,1.00607,1.00631,0,0
36,7,1.00525,1.00484,0,0
----Generation 260--------
39,48,1.00082,1.00034,0,0
15,11,1.00019,1.00155,0,0
25,12,1.00152,1.00388,0,0
12,7,1.00477,1.00443,0,0
46,41,1.00839,1.00253,0,0
----Generation 261--------
45,1,1.0051,1.00083,360,69
12,1,1.00463,1.00124,295,82
48,18,1.00678,1.00016,260,54
18,2,1.00334,1.00502,165,31
24,17,1.00202,1.00884,140,14
----Generation 262--------
18,2,1.00202,1.00884,390,54
18,2,1.00202,1.00502,390,60
18,2,1.00202,1.00905,390,54
24,2,1.00256,1.00502,375,56
24,2,1.00396,1.00502,370,53
----Generation 263--------
24,2,1.00256,1.0025,50,30
40,2,1.00396,1.00502,45,18
13,2,1.00256,1.00905,30,5
18,40,1.00396,1.00905,30,5
9,2,1.00256,1.00502,20,1
----Generation 264--------
24,2,1.00256,1.0025,65,5
18,2,1.00256,1.00313,60,3
18,2,1.00256,1.00285,60,3
18,2,1.00256,1.00351,60,3
29,2,1.00256,1.00905,55,8
----Generation 265--------
32,2,1.00256,1.00905,5,2
29,2,1.00284,1.00905,5,2
29,1,1.00256,1.00905,5,2
48,2,1.00256,1.00285,0,0
6,2,1.00256,1.00285,0,0
----Generation 266--------
29,1,1.00256,1.00123,140,20
29,1,1.00256,1.00164,100,9
12,1,1.00256,1.00905,80,4
11,1,1.00256,1.00905,60,3
24,1,1.00256,1.00905,40,2
----Generation 267--------
11,1,1.00256,1.00188,0,0
47,1,1.00256,1.00905,0,0
14,1,1.00256,1.00905,0,0
11,1,1.00696,1.00905,0,0
24,1,1.00968,1.00905,0,0
----Generation 268--------
47,28,1.00236,1.00865,0,0
23,4,1.00002,1.00126,0,0
17,48,1.00516,1.00352,0,0
47,50,1.00187,1.00892,0,0
38,16,1.00299,1.00032,0,0
----Generation 269--------
41,41,1.00924,1.00012,0,0
19,11,1.0059,1.00242,0,0
30,23,1.00732,1.00534,0,0
42,20,1.0008,1.0084,0,0
46,41,1.00134,1.00883,0,0
----Generation 270--------
19,47,1.0011,1.00507,0,0
50,47,1.00104,1.00561,0,0
39,29,1.00677,1.00102,0,0
46,6,1.00413,1.00939,0,0
15,24,1.0089,1.00254,0,0
----Generation 271--------
44,8,1.00117,1.0042,75,10
41,5,1.00198,1.0078,60,3
8,13,1.004,1.00097,60,7
2,24,1.00864,1.00366,40,2
13,2,1.00627,1.0032,40,4
----Generation 272--------
13,2,1.00627,1.0002,0,0
17,24,1.004,1.00097,0,0
2,24,1.00117,1.00097,0,0
8,13,1.004,1.00645,0,0
13,24,1.00864,1.00124,0,0
----Generation 273--------
27,50,1.00857,1.00278,40,12
17,24,1.004,1.00097,20,22
23,44,1.00474,1.00872,0,0
12,32,1.00441,1.00748,0,0
15,20,1.00621,1.00108,0,4
----Generation 274--------
11,2,1.00501,1.00196,100,13
17,24,1.004,1.00097,80,6
9,25,1.00999,1.00341,60,3
15,11,1.008,1.00105,40,2
41,34,1.00052,1.00318,40,3
----Generation 275--------
9,11,1.00999,1.00786,0,0
45,34,1.00052,1.00341,0,1
9,34,1.00999,1.00474,0,0
36,11,1.008,1.00318,0,0
9,25,1.00818,1.00341,0,0
----Generation 276--------
9,43,1.00666,1.00327,60,4
5,36,1.00274,1.00367,50,13
49,8,1.00197,1.00114,50,28
23,11,1.00447,1.00357,40,2
29,41,1.00627,1.00088,40,11
----Generation 277--------
29,11,1.00447,1.00168,120,8
36,11,1.00197,1.00114,105,26
49,8,1.00447,1.00334,100,5
29,20,1.00627,1.00088,80,7
29,20,1.00197,1.00088,80,7
----Generation 278--------
29,20,1.00058,1.00088,70,19
49,8,1.00237,1.00334,25,4
36,20,1.00447,1.00088,20,21
29,39,1.00197,1.00088,20,1
29,11,1.00447,1.00168,20,8
----Generation 279--------
29,11,1.00234,1.00168,0,0
38,20,1.00447,1.00088,0,0
29,39,1.00197,1.00137,0,0
29,49,1.00447,1.00088,0,0
29,20,1.00447,1.00373,0,0
----Generation 280--------
4,38,1.00556,1.00908,80,10
16,1,1.00525,1.00269,60,14
6,18,1.00503,1.00401,60,9
22,1,1.00936,1.00669,30,5
4,19,1.0074,1.00519,20,9
----Generation 281--------
6,19,1.00229,1.00401,150,32
4,18,1.00348,1.00519,110,16
4,19,1.00099,1.00519,95,171
4,19,1.00343,1.00669,95,17
4,25,1.00503,1.00401,90,12
----Generation 282--------
4,40,1.00343,1.00401,0,0
39,25,1.00503,1.00401,0,0
44,25,1.00343,1.00401,0,0
4,19,1.00503,1.00957,0,0
4,19,1.00191,1.00519,0,0
----Generation 283--------
30,24,1.00018,1.00667,0,0
48,14,1.00469,1.00629,0,0
29,25,1.00906,1.00998,0,0
41,8,1.00066,1.00682,0,0
7,46,1.00794,1.00874,0,0
----Generation 284--------
22,5,1.00658,1.00594,105,7
25,6,1.00739,1.00896,85,6
35,4,1.00912,1.00308,85,8
29,4,1.00671,1.00324,80,13
13,1,1.00734,1.00611,65,5
----Generation 285--------
13,4,1.00422,1.00611,0,0
35,4,1.00948,1.00308,0,0
13,47,1.00912,1.00611,0,0
35,5,1.00671,1.00324,0,0
29,1,1.00671,1.00863,0,0
----Generation 286--------
6,36,1.00614,1.00649,0,0
41,36,1.00848,1.00914,0,0
31,13,1.00314,1.00805,0,0
7,48,1.00026,1.00104,0,0
25,20,1.00049,1.0022,0,0
----Generation 287--------
3,49,1.00051,1.00377,0,0
50,28,1.00514,1.00825,0,0
35,43,1.0071,1.00089,0,0
19,35,1.00791,1.0039,0,0
49,35,1.00645,1.0014,0,0
----Generation 288--------
6,28,1.00665,1.0047,0,0
29,43,1.00299,1.00874,0,0
45,47,1.00886,1.00982,0,0
37,17,1.00845,1.00681,0,0
45,32,1.0008,1.00568,0,0
----Generation 289--------
44,14,1.00189,1.00815,0,0
12,10,1.00891,1.00118,0,0
8,48,1.00549,1.00946,0,0
17,12,1.00698,1.00859,0,0
26,31,1.00224,1.00512,0,0
----Generation 290--------
16,14,1.00028,1.00985,5,2
8,25,1.00426,1.00975,0,0
28,47,1.00304,1.00452,0,0
37,47,1.00584,1.0013,0,0
14,38,1.00947,1.00315,0,0
----Generation 291--------
2,1,1.00259,1.00043,780,45
4,1,1.0049,1.00101,380,23
39,24,1.00301,1.00061,20,33
38,21,1.00121,1.00999,10,4
49,35,1.00338,1.00824,0,0
----Generation 292--------
2,1,1.00259,1.00043,600,36
4,1,1.0049,1.00101,180,15
31,21,1.00121,1.00061,180,12
35,24,1.00301,1.00061,40,14
38,29,1.00121,1.00061,40,5
----Generation 293--------
38,37,1.00121,1.00061,0,0
33,24,1.00301,1.00061,0,0
35,29,1.00172,1.00061,0,0
35,9,1.00301,1.00061,0,0
39,24,1.00301,1.00061,0,0
----Generation 294--------
22,17,1.00731,1.00798,0,0
37,40,1.00546,1.00473,0,0
23,4,1.00357,1.00421,0,0
7,13,1.00366,1.00347,0,0
39,42,1.00597,1.00104,0,0
----Generation 295--------
7,23,1.00306,1.00127,80,10
30,1,1.00567,1.00262,20,7
23,39,1.00242,1.00107,20,1
23,45,1.00184,1.00363,20,2
49,18,1.00722,1.00152,20,14
----Generation 296--------
23,44,1.00184,1.00107,40,13
23,45,1.0012,1.00107,20,20
23,45,1.00575,1.00107,20,12
23,47,1.00242,1.00107,20,11
23,45,1.00773,1.00107,20,12
----Generation 297--------
23,28,1.00773,1.00107,40,2
23,45,1.00773,1.00339,20,1
23,45,1.00575,1.0031,20,1
23,47,1.00575,1.00324,20,2
23,47,1.00242,1.0043,0,0
----Generation 298--------
41,45,1.00575,1.00324,0,0
23,45,1.00575,1.00471,0,0
23,15,1.00575,1.00324,0,0
23,47,1.00778,1.00324,0,0
23,45,1.00045,1.00324,0,0
----Generation 299--------
4,1,1.00614,1.00075,620,112
21,1,1.00391,1.00576,355,54
26,12,1.00198,1.0051,265,44
25,20,1.00043,1.00969,245,52
27,10,1.00469,1.0095,240,40
----Generation 300--------
25,12,1.00043,1.00318,0,0
38,20,1.00043,1.00969,0,0
22,20,1.00043,1.00969,0,0
27,15,1.00469,1.0095,0,0
27,12,1.00883,1.0095,0,0
----Generation 301--------
44,12,1.00565,1.0009,0,0
34,49,1.00034,1.00589,0,0
47,46,1.00977,1.00767,0,0
44,41,1.00292,1.00308,0,0
36,9,1.00045,1.00672,0,0
----Generation 302--------
31,16,1.00804,1.00151,180,17
47,11,1.00634,1.00235,175,33
48,5,1.00757,1.00128,115,59
33,5,1.00447,1.00076,90,96
22,2,1.00505,1.00724,65,5
----Generation 303--------
49,5,1.00447,1.00076,85,44
4,5,1.00447,1.00076,40,4
50,5,1.00447,1.00724,20,1
47,2,1.00505,1.00076,5,47
22,5,1.00865,1.00724,0,0
----Generation 304--------
39,5,1.00447,1.00724,0,0
47,2,1.00303,1.00724,0,0
47,15,1.00505,1.00076,0,0
4,5,1.00447,1.00724,0,0
47,2,1.00456,1.00076,0,0
----Generation 305--------
17,37,1.00265,1.00141,40,15
13,39,1.00527,1.00191,40,11
33,39,1.00038,1.00519,30,5
10,35,1.00302,1.00179,20,16
31,41,1.00528,1.00068,20,12
----Generation 306--------
31,10,1.00302,1.00068,0,0
31,29,1.00038,1.00519,0,0
31,16,1.00528,1.00068,0,0
9,39,1.00038,1.00519,0,0
10,35,1.00127,1.00179,0,0
----Generation 307--------
8,1,1.00651,1.00017,0,0
13,50,1.00338,1.00144,0,0
10,34,1.00557,1.00258,0,0
3,13,1.001,1.00607,0,0
50,6,1.00382,1.00357,0,0
----Generation 308--------
23,5,1.00896,1.00272,0,0
15,28,1.00513,1.00169,0,0
42,41,1.00266,1.00294,0,0
38,16,1.00396,1.00785,0,0
21,21,1.00619,1.00083,0,0
----Generation 309--------
8,1,1.00027,1.00714,235,97
4,8,1.00056,1.00171,20,17
6,36,1.00182,1.00132,20,7
50,24,1.00641,1.00288,0,0
11,48,1.00953,1.00907,0,0
----Generation 310--------
6,1,1.00182,1.00132,455,45
8,1,1.00027,1.00714,400,172
26,36,1.00182,1.00132,65,11
27,36,1.00182,1.00132,40,4
23,36,1.00182,1.00132,25,13
----Generation 311--------
6,1,1.00182,1.00132,1510,170
8,1,1.00027,1.00714,545,255
26,1,1.00182,1.00132,95,245
30,36,1.00182,1.00132,30,23
23,26,1.00182,1.00132,20,11
----Generation 312--------
30,29,1.00182,1.00132,0,0
23,1,1.00182,1.00542,0,0
23,26,1.00182,1.00807,0,0
30,36,1.00182,1.00416,0,0
30,50,1.00182,1.00132,0,0
----Generation 313--------
25,33,1.00136,1.00749,0,0
12,25,1.00913,1.00649,0,0
28,49,1.00159,1.0044,0,0
31,49,1.00858,1.00112,0,0
7,46,1.00895,1.00289,0,0
----Generation 314--------
34,31,1.00384,1.0091,0,0
38,1,1.00539,1.00725,0,0
29,40,1.00648,1.00106,0,0
32,13,1.00801,1.00129,0,0
5,32,1.00211,1.00094,0,0
----Generation 315--------
37,49,1.00455,1.00195,0,0
42,20,1.00331,1.0082,0,0
13,16,1.00036,1.00118,0,0
8,36,1.00987,1.00146,0,0
14,48,1.00076,1.00392,0,0
----Generation 316--------
47,1,1.00711,1.00158,40,2
10,31,1.00556,1.00075,20,10
32,24,1.00182,1.00635,0,0
24,17,1.00577,1.00078,0,0
35,47,1.00859,1.0014,0,0
----Generation 317--------
12,3,1.00412,1.00253,0,0
18,45,1.00989,1.00168,0,0
4,34,1.00035,1.00171,0,0
37,5,1.00181,1.00745,0,0
33,32,1.00076,1.00677,0,0
----Generation 318--------
12,1,1.00066,1.00859,0,0
18,39,1.00633,1.00312,0,0
24,21,1.00379,1.00193,0,0
36,16,1.00511,1.00841,0,0
17,39,1.0095,1.00375,0,0
----Generation 319--------
21,16,1.00211,1.00194,0,0
34,43,1.00114,1.00881,0,0
6,31,1.00298,1.00627,0,0
10,16,1.00788,1.00832,0,0
49,5,1.00652,1.00557,0,0
----Generation 320--------
38,21,1.00488,1.00663,0,0
19,10,1.00381,1.00951,0,0
47,6,1.00049,1.00563,0,0
18,44,1.0092,1.00065,0,0
2,13,1.00804,1.00027,0,0
----Generation 321--------
29,5,1.00594,1.00112,80,37
48,5,1.0071,1.00182,60,17
25,10,1.00113,1.00537,40,12
31,18,1.00254,1.00196,20,3
25,3,1.00318,1.00777,20,1
----Generation 322--------
25,18,1.00646,1.00777,0,0
25,7,1.00113,1.00537,0,0
25,9,1.00113,1.00777,0,0
36,3,1.00318,1.00777,0,0
25,3,1.00622,1.00537,0,0
----Generation 323--------
4,7,1.00326,1.00652,0,0
19,6,1.00384,1.00151,0,0
16,33,1.00423,1.0046,0,0
20,31,1.00244,1.00023,0,0
42,25,1.00906,1.005,0,0
----Generation 324--------
38,46,1.00939,1.0014,0,0
19,38,1.00388,1.00007,0,0
27,32,1.00352,1.00196,0,0
12,19,1.00044,1.00244,0,0
29,47,1.0014,1.00093,0,0
----Generation 325--------
42,1,1.00727,1.00234,150,61
12,3,1.0028,1.00695,75,16
4,14,1.00404,1.00642,65,5
38,46,1.00939,1.0014,60,3
24,11,1.00356,1.00582,45,4
----Generation 326--------
38,11,1.0078,1.0014,0,0
38,46,1.00683,1.00642,0,0
38,1,1.00939,1.00642,0,0
4,14,1.00095,1.00642,0,0
24,11,1.00356,1.00422,0,0
----Generation 327--------
12,42,1.00085,1.0031,0,0
23,32,1.00728,1.00286,0,0
37,7,1.00427,1.00532,0,0
19,33,1.00293,1.00653,0,0
11,24,1.00432,1.00146,0,0
----Generation 328--------
8,2,1.00435,1.00105,60,21
20,12,1.00815,1.00016,60,51
15,50,1.00148,1.00067,40,44
23,36,1.00758,1.00041,20,45
8,41,1.00975,1.00141,20,36
----Generation 329--------
15,50,1.00459,1.00067,0,0
15,10,1.00975,1.00067,0,0
23,36,1.00492,1.00041,0,0
15,50,1.00361,1.00067,0,0
23,36,1.00758,1.00041,0,0
----Generation 330--------
44,5,1.00598,1.00124,0,0
28,8,1.00328,1.00943,0,0
34,36,1.00916,1.00051,0,0
18,7,1.00893,1.00408,0,0
44,7,1.00891,1.00369,0,0
----Generation 331--------
46,23,1.00866,1.00002,0,0
42,23,1.00542,1.00861,0,0
12,3,1.0088,1.00266,0,0
38,22,1.00004,1.0007,0,0
10,18,1.00325,1.0029,0,0
----Generation 332--------
49,13,1.00566,1.00013,0,0
49,47,1.00489,1.00938,0,0
34,14,1.00601,1.00925,0,0
34,30,1.00014,1.00003,0,0
1,6,1.00762,1.0061,0,0
----Generation 333--------
41,5,1.00222,1.00461,125,8
21,37,1.00138,1.00818,55,8
47,5,1.00155,1.00952,55,16
12,15,1.00084,1.00476,55,8
33,20,1.00105,1.00607,25,3
----Generation 334--------
3,15,1.00155,1.00952,0,0
47,47,1.00155,1.00476,0,0
19,5,1.00155,1.00952,0,0
1,20,1.00105,1.00607,0,0
47,18,1.00155,1.00952,0,0
----Generation 335--------
7,15,1.00277,1.00568,45,4
3,34,1.00937,1.0079,20,5
14,19,1.0016,1.00994,20,1
2,10,1.00344,1.00984,0,0
35,17,1.00631,1.00931,0,0
----Generation 336--------
14,19,1.0016,1.0008,0,0
44,19,1.0016,1.00994,0,0
46,19,1.0016,1.00994,0,0
14,19,1.0016,1.00077,0,0
14,19,1.0016,1.0083,0,0
----Generation 337--------
17,1,1.00318,1.00924,75,9
36,28,1.00106,1.00374,45,4
38,16,1.00265,1.00693,45,4
38,49,1.00401,1.00089,40,2
34,25,1.00115,1.00413,30,5
----Generation 338--------
34,3,1.00115,1.00413,0,0
34,11,1.00115,1.00693,0,0
38,49,1.00411,1.00089,0,0
38,4,1.00265,1.00089,0,0
34,16,1.00115,1.00962,0,0
----Generation 339--------
43,10,1.00828,1.00263,80,4
34,3,1.00115,1.00413,35,9
34,11,1.00115,1.00693,25,3
44,3,1.00644,1.00432,20,1
46,8,1.0015,1.00552,20,1
----Generation 340--------
2,11,1.00115,1.00432,0,0
35,11,1.0015,1.00552,0,0
24,11,1.00644,1.00432,0,0
46,16,1.00644,1.00432,0,0
22,8,1.00644,1.00552,0,0
----Generation 341--------
21,11,1.00099,1.00294,115,19
48,19,1.00843,1.00503,80,4
35,11,1.0015,1.00552,45,13
48,11,1.0065,1.00605,40,6
3,44,1.00692,1.00779,35,7
