----Generation 0--------
42,23,1.00119,1.00797,0,0
26,48,1.00717,1.00725,0,0
41,38,1.00278,1.00749,0,0
40,6,1.00337,1.00145,0,0
22,16,1.00385,1.00359,0,0
----Generation 1--------
7,1,1.00442,1.00223,125,24
39,30,1.00119,1.00556,20,11
8,10,1.00476,1.00143,20,1
46,15,1.00353,1.00664,5,2
41,36,1.00322,1.00652,0,0
----Generation 2--------
18,10,1.00476,1.00143,100,13
8,18,1.00476,1.00143,80,22
46,3,1.00353,1.00664,70,7
46,3,1.00353,1.00664,70,7
19,10,1.00476,1.00143,60,13
----Generation 3--------
46,3,1.00353,1.00406,40,36
12,3,1.00353,1.00664,30,12
26,3,1.00476,1.00664,20,15
10,3,1.00476,1.00664,10,4
46,3,1.0057,1.00664,5,17
----Generation 4--------
46,3,1.00085,1.00664,0,0
10,3,1.00476,1.00584,0,0
46,3,1.00164,1.00664,0,0
46,3,1.00476,1.0031,0,0
26,3,1.00476,1.00103,0,0
----Generation 5--------
11,2,1.00379,1.00313,215,37
38,1,1.00497,1.00308,210,77
10,3,1.00476,1.00584,50,6
3,6,1.00151,1.00624,35,14
47,29,1.00343,1.0033,25,10
----Generation 6--------
38,6,1.00343,1.00624,0,0
10,6,1.00434,1.00584,0,0
29,29,1.00151,1.00624,0,0
25,29,1.00476,1.00584,0,0
47,3,1.00588,1.00584,0,0
----Generation 7--------
4,2,1.00824,1.00033,400,282
19,1,1.00858,1.00178,280,114
19,1,1.00826,1.00504,100,15
4,14,1.0034,1.0089,55,15
15,37,1.00277,1.00543,45,26
----Generation 8--------
19,1,1.00177,1.00504,640,218
4,2,1.00824,1.00033,600,399
19,1,1.00283,1.00504,490,116
19,1,1.00277,1.00721,475,109
19,1,1.00858,1.00178,400,160
----Generation 9--------
19,1,1.00697,1.00504,0,0
19,1,1.00858,1.00656,0,0
19,1,1.0085,1.00504,0,0
19,1,1.00277,1.00892,0,0
19,1,1.00277,1.00808,0,0
----Generation 10--------
32,18,1.0014,1.0065,0,0
48,46,1.00735,1.00019,0,0
1,17,1.00272,1.00628,0,0
38,38,1.00772,1.00568,0,0
35,24,1.0039,1.00725,0,0
----Generation 11--------
46,47,1.00801,1.00061,0,0
29,46,1.00261,1.00704,0,0
7,19,1.00762,1.00233,0,0
24,33,1.00635,1.00034,0,0
22,6,1.00851,1.00424,0,0
----Generation 12--------
4,10,1.00316,1.00483,0,0
36,35,1.001,1.0045,0,0
49,44,1.00787,1.00067,0,0
26,31,1.00081,1.00868,0,0
26,41,1.00082,1.00348,0,0
----Generation 13--------
47,47,1.00175,1.00152,0,0
46,47,1.00653,1.00567,0,0
33,42,1.00837,1.00085,0,0
39,45,1.00009,1.00492,0,0
39,41,1.00685,1.00763,0,0
----Generation 14--------
27,1,1.00067,1.00521,20,1
20,35,1.00759,1.00595,0,0
27,38,1.00171,1.00159,0,0
15,35,1.00127,1.00837,0,0
27,40,1.00501,1.00846,0,0
----Generation 15--------
6,15,1.00146,1.00265,35,32
27,12,1.00569,1.0033,20,3
9,25,1.00638,1.00241,20,13
50,32,1.00559,1.00212,20,1
21,1,1.0067,1.00661,20,1
----Generation 16--------
7,25,1.00638,1.00661,0,0
9,1,1.00638,1.00183,0,0
9,3,1.00638,1.00661,0,0
21,1,1.00638,1.00565,0,0
21,1,1.00519,1.00661,0,0
----Generation 17--------
9,1,1.00638,1.00183,300,21
47,18,1.00898,1.00321,20,2
16,6,1.00686,1.00207,20,11
32,20,1.00324,1.00336,0,0
33,50,1.00382,1.00484,0,0
----Generation 18--------
16,6,1.00298,1.00207,0,0
16,6,1.00017,1.00207,0,0
16,6,1.00378,1.00207,0,0
16,37,1.00686,1.00207,0,0
16,36,1.00686,1.00207,0,0
----Generation 19--------
3,17,1.0029,1.0054400000000001,170,40
23,44,1.00426,1.00856,50,6
20,22,1.00036,1.00111,40,23
8,32,1.00254,1.00893,35,63
7,15,1.00184,1.00696,25,31
----Generation 20--------
8,2,1.00254,1.00893,320,44
20,13,1.00254,1.00893,315,35
24,22,1.00036,1.00111,285,60
35,22,1.00254,1.00893,265,43
30,15,1.00184,1.00893,200,59
----Generation 21--------
24,34,1.00036,1.00111,0,0
30,22,1.00184,1.00685,0,0
43,22,1.00036,1.00111,0,0
35,44,1.00254,1.00893,0,0
30,15,1.00254,1.00736,0,0
----Generation 22--------
5,11,1.00291,1.00316,0,0
9,49,1.00288,1.00721,0,0
8,29,1.0087,1.00213,0,0
25,20,1.00721,1.00138,0,0
28,6,1.00826,1.0083,0,0
----Generation 23--------
33,25,1.00309,1.00081,0,0
12,36,1.0061,1.00416,0,0
8,23,1.00068,1.00212,0,0
32,28,1.00599,1.00496,0,0
47,21,1.00717,1.00757,0,0
----Generation 24--------
32,4,1.00538,1.00172,200,48
47,1,1.00162,1.00001,45,265
23,17,1.00286,1.00077,40,28
16,31,1.00229,1.00556,25,3
37,2,1.00733,1.00377,20,15
----Generation 25--------
16,1,1.00286,1.00556,245,42
37,1,1.00733,1.00377,225,62
37,1,1.00733,1.00377,225,62
46,2,1.00733,1.00556,175,32
36,2,1.00733,1.00377,125,47
----Generation 26--------
36,1,1.00262,1.00377,70,7
37,1,1.00339,1.00556,20,1
36,2,1.00192,1.00556,15,20
37,2,1.00303,1.00377,10,4
36,2,1.0029,1.00377,10,4
----Generation 27--------
36,2,1.00746,1.00377,60,3
36,2,1.00778,1.00377,60,3
36,2,1.00583,1.00377,60,10
37,2,1.00542,1.00377,45,11
36,2,1.00589,1.00377,40,9
----Generation 28--------
36,2,1.0013,1.00377,0,0
37,2,1.00865,1.00377,0,0
37,2,1.00589,1.00464,0,0
36,2,1.00589,1.00385,0,0
48,2,1.00583,1.00377,0,0
----Generation 29--------
43,43,1.00897,1.00414,0,0
24,32,1.00143,1.002,0,0
14,2,1.00854,1.00505,0,0
11,25,1.00098,1.0018,0,0
30,46,1.00796,1.00816,0,0
----Generation 30--------
50,22,1.00255,1.00237,115,19
50,10,1.00504,1.00333,85,14
11,2,1.00853,1.00197,80,20
39,19,1.00482,1.00223,40,18
8,20,1.00783,1.00315,20,1
----Generation 31--------
11,49,1.00853,1.00197,0,0
11,6,1.00853,1.00197,0,0
42,20,1.00482,1.00223,0,0
39,19,1.00079,1.00315,0,0
8,20,1.00853,1.0021,0,0
----Generation 32--------
8,1,1.00282,1.00871,0,0
24,5,1.00692,1.00413,0,0
4,31,1.00873,1.00222,0,0
32,21,1.00078,1.00007,0,0
47,27,1.00188,1.00326,0,0
----Generation 33--------
29,12,1.00305,1.00039,0,0
49,34,1.00179,1.00209,0,0
24,19,1.00371,1.00477,0,0
32,6,1.00327,1.00315,0,0
37,21,1.00384,1.00275,0,0
----Generation 34--------
20,8,1.00884,1.00524,0,0
2,26,1.00014,1.00187,0,0
19,36,1.00479,1.00523,0,0
19,9,1.00688,1.00288,0,0
18,30,1.00876,1.00726,0,0
----Generation 35--------
19,2,1.00218,1.00527,185,53
15,34,1.00224,1.00433,110,24
20,13,1.00093,1.00168,100,44
22,4,1.00223,1.00712,80,39
3,9,1.00203,1.00693,60,10
----Generation 36--------
19,2,1.00218,1.00527,175,21
11,4,1.00093,1.00712,130,80
23,4,1.00223,1.00712,90,8
20,4,1.00223,1.00456,75,9
22,4,1.00223,1.00425,60,10
----Generation 37--------
22,4,1.00811,1.00456,0,0
46,4,1.00223,1.00456,0,0
22,4,1.00223,1.00712,0,0
29,4,1.00223,1.00456,0,0
20,4,1.00055,1.00425,0,0
----Generation 38--------
4,1,1.00595,1.00059,1000,215
25,1,1.00418,1.00692,45,4
15,21,1.00089,1.00513,25,38
5,35,1.0048,1.00545,25,10
33,4,1.00305,1.00602,5,20
----Generation 39--------
4,1,1.00595,1.00059,1320,195
15,35,1.0048,1.00166,180,47
5,1,1.00305,1.00602,60,3
2,21,1.0048,1.00513,60,3
5,25,1.00305,1.00545,20,1
----Generation 40--------
5,25,1.00305,1.00886,0,0
2,25,1.0048,1.00545,0,0
2,1,1.00594,1.00513,0,0
5,25,1.00491,1.00513,0,0
5,1,1.00305,1.00602,0,0
----Generation 41--------
5,25,1.00305,1.00886,95,10
22,12,1.00214,1.00897,70,21
6,32,1.00261,1.00459,70,22
18,6,1.00343,1.00307,55,10
5,31,1.00287,1.00643,55,21
----Generation 42--------
5,25,1.00305,1.00886,140,35
5,23,1.00287,1.00643,110,37
14,32,1.00343,1.00307,95,38
2,6,1.00261,1.00459,85,6
17,31,1.00261,1.00459,80,11
----Generation 43--------
14,6,1.00557,1.00307,40,2
17,39,1.00261,1.00459,40,3
2,6,1.00261,1.00641,5,2
2,6,1.00261,1.00459,5,2
17,37,1.00261,1.00459,5,2
----Generation 44--------
39,6,1.00261,1.00459,0,0
2,6,1.0089,1.00459,0,0
2,6,1.00261,1.00139,0,0
2,7,1.00261,1.00459,0,0
2,6,1.00261,1.00428,0,0
----Generation 45--------
21,37,1.00583,1.00855,0,0
16,6,1.00811,1.00238,0,0
49,25,1.00122,1.00791,0,0
18,11,1.00711,1.00275,0,0
5,9,1.00066,1.00538,0,0
----Generation 46--------
46,4,1.00402,1.00413,30,11
30,14,1.00763,1.00276,20,3
36,47,1.00199,1.00369,0,0
27,21,1.00777,1.00263,0,0
39,49,1.00572,1.00405,0,0
----Generation 47--------
4,12,1.00153,1.00797,90,22
9,26,1.00668,1.00611,60,7
3,1,1.00287,1.00462,40,2
9,1,1.00838,1.00405,40,2
50,1,1.00265,1.00434,40,38
----Generation 48--------
9,1,1.00111,1.00462,0,0
16,1,1.00287,1.00434,0,0
50,39,1.00265,1.00434,0,0
3,5,1.00287,1.00462,0,0
50,1,1.00265,1.00024,0,0
----Generation 49--------
10,17,1.00027,1,0,0
27,15,1.00844,1.0052,0,0
44,27,1.0074,1.00137,0,0
50,46,1.0022,1.00876,0,0
24,5,1.00569,1.00879,0,0
----Generation 50--------
45,17,1.00257,1.0033,20,3
41,31,1.00287,1.00311,0,0
50,19,1.00764,1.00427,0,0
31,27,1.00208,1.00103,0,0
5,15,1.00372,1.00321,0,0
----Generation 51--------
24,15,1.00411,1.00554,40,2
4,19,1.00894,1.00765,40,4
8,24,1.00215,1.00571,35,25
8,2,1.00457,1.00633,30,5
12,2,1.00309,1.003,25,18
----Generation 52--------
12,2,1.00222,1.00633,120,34
8,24,1.00244,1.003,110,27
24,2,1.00457,1.00633,85,13
8,1,1.00457,1.003,80,6
8,33,1.00309,1.00571,75,15
----Generation 53--------
8,2,1.00351,1.003,0,0
8,34,1.00309,1.00571,0,0
8,36,1.00309,1.00571,0,0
33,33,1.00309,1.00633,0,0
8,33,1.00602,1.00571,0,0
----Generation 54--------
23,2,1.00266,1.00609,0,0
25,31,1.00339,1.00249,0,0
33,11,1.00005,1.00573,0,0
46,1,1.00407,1.00651,0,0
5,22,1.00738,1.0032,0,0
----Generation 55--------
9,1,1.00359,1.00156,1115,198
23,1,1.00597,1.00881,300,38
32,12,1.00409,1.00396,200,42
24,15,1.00383,1.00627,200,31
29,16,1.00268,1.00655,190,41
----Generation 56--------
40,16,1.00268,1.00655,0,0
26,12,1.00409,1.00396,0,0
24,50,1.00409,1.00396,0,0
32,12,1.00409,1.00709,0,0
32,43,1.00409,1.00396,0,0
----Generation 57--------
7,17,1.00429,1.00726,0,0
43,13,1.0031,1.00051,0,0
7,45,1.00333,1.00505,0,0
2,27,1.00132,1.00036,0,0
3,13,1.00383,1.00658,0,0
----Generation 58--------
20,43,1.00422,1.00218,0,0
31,49,1.0043,1.00603,0,0
35,9,1.00134,1.00034,0,0
44,26,1.00887,1.00163,0,0
48,33,1.00871,1.0066,0,0
----Generation 59--------
19,4,1.00361,1.00635,175,42
19,5,1.00421,1.00368,160,29
16,7,1.00391,1.00227,160,21
31,4,1.00773,1.00336,75,21
40,3,1.00871,1.00711,60,10
----Generation 60--------
16,7,1.00254,1.00227,0,0
7,4,1.00773,1.00336,0,0
37,3,1.00773,1.00711,0,0
28,3,1.00871,1.00336,0,0
16,7,1.00798,1.00227,0,0
----Generation 61--------
8,1,1.00309,1.00068,745,241
41,5,1.00694,1.00886,70,21
35,17,1.00448,1.00285,45,8
20,6,1.00277,1.00278,35,54
16,7,1.00254,1.00227,30,33
----Generation 62--------
8,1,1.00309,1.00068,420,193
16,4,1.00448,1.00227,80,6
35,1,1.00254,1.00227,45,68
20,3,1.00277,1.00285,25,14
47,6,1.00448,1.00278,20,17
----Generation 63--------
20,1,1.00254,1.00494,490,85
9,1,1.00254,1.00227,420,85
8,1,1.00309,1.00068,415,199
23,1,1.00254,1.00227,305,133
20,1,1.00347,1.00285,300,72
----Generation 64--------
23,1,1.00561,1.00227,0,0
40,1,1.00347,1.00285,0,0
1,1,1.00309,1.00227,0,0
20,1,1.00347,1.00285,0,0
45,1,1.00347,1.00285,0,0
----Generation 65--------
18,28,1.00145,1.00101,110,31
28,36,1.00403,1.00049,40,37
5,22,1.00262,1.00861,30,5
41,1,1.00451,1.00321,25,21
23,1,1.00561,1.00227,20,37
----Generation 66--------
41,1,1.00451,1.00086,495,198
23,1,1.00262,1.00065,455,298
41,1,1.00451,1.00034,435,244
47,1,1.00561,1.00227,360,104
5,1,1.00262,1.00235,340,31
----Generation 67--------
5,1,1.00106,1.00034,2715,484
5,1,1.00262,1.00016,1490,434
5,1,1.00129,1.00235,1430,114
5,1,1.00262,1.0001,1350,466
5,1,1.00145,1.00235,1350,103
----Generation 68--------
5,1,1.00106,1.00034,1685,411
5,1,1.00129,1.00037,1595,364
5,1,1.00145,1.00049,1300,300
5,1,1.00145,1.00033,1220,357
5,1,1.0009,1.00235,1170,136
----Generation 69--------
5,1,1.0009,1.00126,4715,651
5,1,1.0009,1.00067,4665,810
5,1,1.00145,1.00091,4585,534
5,1,1.00145,1.00065,4520,624
5,1,1.00145,1.00077,4505,581
----Generation 70--------
5,1,1.00075,1.00091,1100,116
5,1,1.0005,1.00077,1025,167
5,1,1.0009,1.00067,970,130
5,1,1.0009,1.00126,850,80
5,1,1.00027,1.00077,685,238
----Generation 71--------
46,1,1.00027,1.00077,0,0
5,1,1.0009,1.00574,0,0
5,1,1.00761,1.00077,0,0
5,1,1.00037,1.00126,0,0
5,38,1.0009,1.00077,0,0
----Generation 72--------
41,25,1.00353,1.00001,0,0
49,16,1.0054400000000001,1.00187,0,0
4,6,1.00372,1.00184,0,0
32,36,1.00595,1.00143,0,0
38,19,1.00839,1.0016,0,0
----Generation 73--------
40,1,1.00509,1.00601,200,35
21,1,1.00637,1.00402,105,27
14,27,1.00581,1.00252,100,15
28,8,1.00445,1.00666,50,6
30,4,1.00429,1.00807,45,18
----Generation 74--------
28,4,1.00352,1.00666,0,0
28,4,1.00209,1.00807,0,0
28,27,1.00435,1.00666,0,0
32,4,1.00445,1.00807,0,0
14,8,1.00496,1.00666,0,0
----Generation 75--------
20,26,1.00624,1.00703,0,0
21,39,1.00006,1.00081,0,0
16,46,1.00523,1.00408,0,0
2,40,1.00005,1.00047,0,0
29,9,1.00749,1.00829,0,0
----Generation 76--------
9,15,1.00433,1.00264,60,3
48,38,1.00654,1.0005,20,16
49,21,1.0027,1.00616,20,2
8,41,1.00553,1.00713,10,4
14,47,1.00305,1.00116,5,59
----Generation 77--------
28,21,1.0027,1.00616,0,0
14,38,1.0027,1.00116,0,0
49,21,1.00305,1.00548,0,0
6,21,1.0027,1.00616,0,0
14,16,1.00553,1.00116,0,0
----Generation 78--------
48,9,1.00496,1.00772,0,0
15,33,1.00297,1.0012,0,0
33,27,1.00315,1.00394,0,0
20,5,1.00583,1.00711,0,0
1,49,1.00825,1.00385,0,0
----Generation 79--------
23,30,1.00168,1.00719,0,0
39,43,1.00224,1.00667,0,0
3,18,1.00131,1.00649,0,0
4,19,1.00603,1.00086,0,0
17,15,1.00022,1.00292,0,0
----Generation 80--------
11,1,1.00196,1.00802,585,81
10,32,1.00595,1.00703,60,3
33,41,1.00213,1.00057,40,26
48,6,1.00542,1.00258,40,86
6,12,1.00557,1.00277,40,2
----Generation 81--------
11,1,1.00196,1.00802,540,62
48,6,1.00557,1.00515,100,16
48,6,1.00542,1.00493,80,17
48,12,1.00557,1.00375,80,21
48,12,1.00542,1.00533,60,8
----Generation 82--------
11,1,1.00196,1.00802,1390,283
48,25,1.00542,1.00493,180,46
48,1,1.00542,1.00493,170,278
32,12,1.00542,1.00493,165,75
29,12,1.00542,1.00533,125,43
----Generation 83--------
48,1,1.00392,1.00493,140,33
11,1,1.00196,1.00802,135,34
46,1,1.00542,1.00493,90,23
48,1,1.00511,1.00493,70,26
40,1,1.00542,1.00493,65,20
----Generation 84--------
11,1,1.00196,1.00802,40,2
48,1,1.00175,1.00493,5,2
40,1,1.00214,1.00493,0,0
27,1,1.00542,1.00493,0,0
40,34,1.00511,1.00493,0,0
----Generation 85--------
44,8,1.00829,1.00744,0,0
38,30,1.00845,1.0041,0,0
4,6,1.00326,1.00288,0,0
21,4,1.00282,1.00237,0,0
5,23,1.00154,1.00193,0,0
----Generation 86--------
15,26,1.00766,1.00168,60,13
13,23,1.00822,1.00154,40,15
22,36,1.00128,1.00346,25,17
10,1,1.00417,1.0083,20,1
49,33,1.00316,1.00768,0,0
----Generation 87--------
22,36,1.0007,1.00346,0,0
20,1,1.00417,1.0083,0,0
22,27,1.00128,1.00346,0,0
7,36,1.00417,1.00346,0,0
8,1,1.00417,1.0083,0,0
----Generation 88--------
28,19,1.00319,1.00344,0,0
12,28,1.00893,1.00458,0,0
25,33,1.00297,1.00808,0,0
45,21,1.00198,1.00429,0,0
20,23,1.00699,1.00067,0,0
----Generation 89--------
16,22,1.00375,1.0011,40,3
44,30,1.00148,1.00577,20,1
13,19,1.00625,1.00456,0,0
24,20,1.00208,1.00115,0,0
20,8,1.00496,1.00291,0,0
----Generation 90--------
5,15,1.00669,1.00668,0,0
13,9,1.00774,1.00466,0,0
16,5,1.0087,1.00315,0,0
9,9,1.0088,1.00682,0,0
8,48,1.00498,1.00214,0,0
----Generation 91--------
37,11,1.00092,1.00695,200,56
33,14,1.00202,1.0025,145,29
50,31,1.00613,1.00154,140,40
45,5,1.00022,1.00084,135,323
34,12,1.00055,1.00695,65,110
----Generation 92--------
34,5,1.00022,1.00622,0,0
50,36,1.00055,1.00695,0,0
2,5,1.00055,1.00084,0,0
34,31,1.00769,1.00154,0,0
34,12,1.00001,1.00695,0,0
----Generation 93--------
4,33,1.00017,1.00494,0,0
2,50,1.00324,1.00665,0,0
43,19,1.00692,1.00154,0,0
29,6,1.00845,1.0058,0,0
11,12,1.00759,1.00841,0,0
----Generation 94--------
17,14,1.00108,1.00873,0,0
11,2,1.0033,1.00621,0,0
6,7,1.00191,1.00865,0,0
43,25,1.00159,1.00056,0,0
17,46,1.00246,1.00815,0,0
----Generation 95--------
45,28,1.0036,1.00069,0,0
22,34,1.00438,1.00401,0,0
49,13,1.00691,1.00198,0,0
36,33,1.00276,1.00271,0,0
33,22,1.00382,1.00116,0,0
----Generation 96--------
5,49,1.00759,1.00104,0,0
4,22,1.00123,1.00297,0,0
42,41,1.00001,1.00615,0,0
1,28,1.00016,1.00507,0,0
39,13,1.00727,1.008,0,0
----Generation 97--------
38,1,1.00458,1.00456,465,93
4,14,1.00361,1.00303,130,34
49,14,1.00503,1.00415,50,20
34,12,1.005,1.00645,45,4
26,7,1.00522,1.00721,35,7
----Generation 98--------
42,12,1.00503,1.00645,0,0
49,7,1.00522,1.00225,0,0
26,7,1.00728,1.00415,0,0
12,12,1.005,1.00721,0,0
49,2,1.005,1.00415,0,0
----Generation 99--------
28,49,1.00162,1.00549,180,24
14,41,1.00748,1.00327,80,6
17,36,1.00868,1.00207,40,12
34,1,1.00826,1.00533,20,1
46,15,1.00348,1.00627,20,2
----Generation 100--------
17,1,1.00395,1.00207,140,37
12,1,1.00826,1.00533,40,4
46,4,1.00868,1.00207,40,20
34,1,1.00496,1.00533,30,5
6,15,1.00348,1.00627,30,5
----Generation 101--------
6,4,1.00348,1.00174,0,0
6,15,1.00217,1.00627,0,0
46,20,1.00868,1.00207,0,0
6,15,1.00749,1.00533,0,0
46,4,1.00389,1.00627,0,0
----Generation 102--------
47,21,1.00618,1.00785,0,0
6,12,1.00525,1.00569,0,0
44,12,1.0074,1.00381,0,0
10,32,1.00065,1.00096,0,0
9,27,1.00606,1.00388,0,0
----Generation 103--------
48,11,1.00777,1.00409,60,5
47,31,1.00163,1.00448,45,5
10,11,1.00697,1.00054,40,2
31,45,1.00257,1.00048,40,63
22,50,1.00448,1.00293,0,1
----Generation 104--------
10,11,1.00697,1.00025,180,34
10,11,1.00825,1.00048,60,9
10,11,1.0027,1.00048,60,9
10,11,1.00396,1.00054,40,4
10,11,1.00565,1.00054,40,4
----Generation 105--------
10,1,1.00396,1.00048,490,544
10,11,1.00047,1.00054,225,48
10,11,1.00119,1.00054,20,15
10,11,1.0011,1.00054,20,15
10,11,1.00677,1.00054,20,15
----Generation 106--------
10,13,1.00677,1.00054,20,7
10,11,1.00119,1.00019,20,11
10,11,1.00856,1.00054,0,0
10,11,1.00276,1.00054,0,0
10,11,1.00649,1.00054,0,0
----Generation 107--------
21,1,1.00495,1.00283,145,24
22,41,1.00254,1.00112,100,41
7,42,1.00436,1.00393,60,9
34,46,1.00141,1.00195,60,5
4,13,1.00717,1.00271,40,8
----Generation 108--------
34,46,1.00444,1.00271,0,0
7,15,1.00436,1.00393,0,0
7,13,1.00185,1.00271,0,0
9,42,1.00141,1.00195,0,0
34,13,1.00026,1.00271,0,0
----Generation 109--------
15,47,1.00442,1.00804,0,0
48,46,1.00333,1.00559,0,0
41,40,1.00541,1.00213,0,0
34,9,1.00712,1.00563,0,0
50,7,1.00368,1.00566,0,0
----Generation 110--------
6,19,1.00539,1.00276,60,3
6,43,1.0055,1.00286,40,8
50,17,1.00895,1.00319,20,8
11,22,1.00519,1.00215,20,3
7,38,1.00707,1.00318,0,6
----Generation 111--------
50,22,1.00895,1.00315,0,0
50,48,1.00895,1.00215,0,0
11,22,1.00519,1.00591,0,0
11,17,1.00519,1.0011,0,0
11,22,1.00558,1.00215,0,0
----Generation 112--------
48,50,1.00047,1.00008,80,49
5,26,1.00587,1.00219,20,35
8,18,1.00323,1.00547,10,11
50,22,1.00895,1.00315,0,0
33,17,1.00704,1.00642,0,0
----Generation 113--------
31,18,1.00323,1.00547,205,47
24,18,1.00323,1.00547,180,23
8,18,1.00323,1.00603,115,37
29,18,1.00323,1.00547,115,39
8,18,1.00323,1.00866,115,25
----Generation 114--------
29,16,1.00323,1.00547,0,0
8,18,1.00323,1.00707,0,0
8,42,1.00323,1.00866,0,0
8,6,1.00323,1.00547,0,0
29,48,1.00323,1.00547,0,0
----Generation 115--------
5,24,1.0022,1.00061,0,0
14,24,1.00046,1.00471,0,0
46,45,1.00451,1.00408,0,0
2,22,1.00896,1.00395,0,0
5,13,1.00885,1.00178,0,0
----Generation 116--------
40,1,1.00799,1.00673,0,0
31,33,1.00168,1.00152,0,0
10,7,1.00769,1.00459,0,0
34,44,1.00547,1.00819,0,0
21,23,1.00266,1.00874,0,0
----Generation 117--------
8,1,1.00258,1.00092,1520,387
37,1,1.00632,1.00489,305,77
40,1,1.00799,1.00673,210,34
5,40,1.00745,1.0054400000000001,80,35
7,31,1.00227,1.00473,45,157
----Generation 118--------
7,1,1.00227,1.0013,580,58
8,1,1.00258,1.00092,560,112
7,1,1.00227,1.00431,220,15
12,1,1.00227,1.00473,140,40
7,1,1.00324,1.00673,80,4
----Generation 119--------
7,1,1.00115,1.00473,2145,344
7,1,1.0012,1.00473,2125,322
7,1,1.00227,1.00055,2090,548
7,1,1.00227,1.0013,2030,331
7,1,1.00104,1.00673,1960,373
----Generation 120--------
7,1,1.00104,1.00046,1710,517
2,1,1.00227,1.00055,1660,109
7,1,1.00078,1.00055,1550,569
7,1,1.00104,1.00431,1130,180
7,1,1.00104,1.0055,1090,178
----Generation 121--------
21,1,1.00104,1.00431,0,0
7,1,1.00104,1.00257,0,0
7,1,1.00454,1.00431,0,0
7,1,1.00498,1.00055,0,0
22,1,1.00104,1.00055,0,0
----Generation 122--------
7,1,1.00104,1.00257,1135,117
24,2,1.0014,1.00567,80,88
50,31,1.00739,1.00169,40,2
7,2,1.00263,1.00212,20,11
36,15,1.00454,1.00623,0,0
----Generation 123--------
50,42,1.00739,1.00169,0,0
50,2,1.00739,1.00749,0,0
22,2,1.00263,1.00212,0,0
10,2,1.00263,1.00212,0,0
50,1,1.00739,1.00169,0,0
----Generation 124--------
12,27,1.00272,1.00505,0,0
44,35,1.00556,1.00682,0,0
6,30,1.00363,1.00365,0,0
42,7,1.00599,1.00883,0,0
42,42,1.00709,1.00337,0,0
----Generation 125--------
23,10,1.00338,1.006,0,0
14,47,1.00259,1.00124,0,0
13,31,1.00468,1.00775,0,0
21,32,1.00216,1.00567,0,0
37,40,1.00886,1.00834,0,0
----Generation 126--------
40,1,1.00722,1.00326,425,110
23,10,1.00338,1.006,370,43
31,7,1.00524,1.00739,250,37
18,10,1.00341,1.00298,230,31
18,13,1.00279,1.00281,210,23
----Generation 127--------
40,1,1.00722,1.00326,135,186
31,23,1.00341,1.00739,65,12
21,10,1.00341,1.00739,30,19
18,35,1.00341,1.00739,30,36
18,28,1.00279,1.00281,25,26
----Generation 128--------
21,28,1.00279,1.00501,0,0
18,28,1.00125,1.00281,0,0
18,28,1.00285,1.00739,0,0
46,10,1.00279,1.00281,0,0
18,16,1.00341,1.00281,0,0
----Generation 129--------
17,34,1.00416,1.00843,0,0
13,45,1.00774,1.00876,0,0
24,25,1.00026,1.00123,0,0
40,14,1.0089,1.00837,0,0
31,49,1.00714,1.00214,0,0
----Generation 130--------
29,8,1.00568,1.00267,0,0
16,36,1.00772,1.00592,0,0
15,37,1.00495,1.00209,0,0
25,26,1.00444,1.00734,0,0
21,21,1.00069,1.00587,0,0
----Generation 131--------
7,21,1.00475,1.00046,0,0
36,41,1.00452,1.00585,0,0
37,24,1.00303,1.00862,0,0
1,38,1.00352,1.00563,0,0
36,11,1.00063,1.00003,0,0
----Generation 132--------
47,3,1.00407,1.00258,100,28
36,14,1.0083,1.00237,80,6
6,4,1.00346,1.001,40,8
7,16,1.00211,1.0056,30,5
48,13,1.003,1.00193,25,35
----Generation 133--------
6,4,1.003,1.00805,0,0
39,16,1.00211,1.00193,0,0
24,16,1.00211,1.0056,0,0
30,16,1.00346,1.0056,0,0
7,16,1.0082,1.0056,0,0
----Generation 134--------
17,1,1.00294,1.00267,660,162
25,13,1.00257,1.00867,265,44
34,2,1.00255,1.00669,260,82
25,4,1.00468,1.00465,220,69
18,4,1.00389,1.00353,175,73
----Generation 135--------
17,1,1.00294,1.00267,210,27
25,4,1.00468,1.00221,180,23
44,4,1.00468,1.00353,160,10
36,2,1.00255,1.00353,155,27
18,2,1.00389,1.00247,140,13
----Generation 136--------
36,2,1.00797,1.00247,0,0
44,4,1.00255,1.00367,0,0
44,4,1.00468,1.00317,0,0
36,2,1.00255,1.00133,0,0
36,25,1.00255,1.00353,0,0
----Generation 137--------
4,1,1.00408,1.00027,1320,477
11,1,1.00085,1.00541,655,325
44,1,1.0042,1.00893,145,43
21,35,1.00232,1.00578,90,8
4,30,1.00513,1.00741,80,11
----Generation 138--------
21,35,1.0042,1.00832,0,0
9,30,1.00513,1.00893,0,0
4,1,1.00521,1.00741,0,0
21,30,1.00049,1.00741,0,0
39,30,1.00232,1.00578,0,0
----Generation 139--------
32,8,1.00637,1.00324,140,21
44,9,1.00664,1.00578,85,6
43,25,1.00332,1.00234,80,4
3,6,1.00157,1.00816,70,14
14,2,1.00319,1.00517,55,30
----Generation 140--------
14,25,1.00332,1.00895,0,0
14,2,1.00319,1.00019,0,0
14,11,1.00332,1.00234,0,0
9,6,1.00157,1.00234,0,0
3,16,1.00319,1.00517,0,0
----Generation 141--------
4,18,1.00876,1.00228,80,18
5,15,1.00277,1.00594,25,10
7,45,1.00358,1.00668,20,36
43,29,1.00746,1.00451,0,0
23,10,1.00384,1.00719,0,0
----Generation 142--------
7,50,1.00358,1.00668,0,0
7,45,1.00591,1.00668,0,0
7,5,1.00358,1.00668,0,0
7,45,1.00461,1.00668,0,0
7,43,1.00358,1.00668,0,0
----Generation 143--------
2,12,1.00165,1.00742,130,24
6,30,1.00474,1.00132,40,14
21,3,1.00291,1.00283,40,6
43,25,1.00791,1.00214,20,1
37,46,1.00113,1.00103,20,1
----Generation 144--------
43,29,1.00791,1.00103,0,0
37,46,1.00791,1.00314,0,0
43,25,1.00724,1.00103,0,0
37,25,1.00791,1.00103,0,0
37,46,1.00113,1.00068,0,0
----Generation 145--------
4,1,1.00133,1.00883,515,31
9,46,1.00358,1.00261,200,25
9,42,1.0061,1.00243,180,26
8,3,1.00155,1.00541,110,23
8,50,1.00225,1.00298,105,27
----Generation 146--------
8,6,1.00155,1.00541,0,0
8,50,1.00225,1.00478,0,0
9,42,1.00632,1.00243,0,0
19,3,1.00225,1.00298,0,0
8,50,1.00661,1.00298,0,0
----Generation 147--------
37,26,1.00484,1.00322,0,0
50,6,1.00721,1.0062,0,0
11,32,1.001,1.00414,0,0
29,14,1.00592,1.00229,0,0
30,15,1.00511,1.00731,0,0
----Generation 148--------
12,31,1.00494,1.00837,0,0
11,34,1.00623,1.00706,0,0
13,34,1.00772,1.00364,0,0
31,8,1.00262,1.00334,0,0
25,18,1.00664,1.00031,0,0
----Generation 149--------
23,15,1.00503,1.00181,0,0
7,1,1.0071,1.00329,0,0
11,17,1.00712,1.00347,0,0
32,35,1.00141,1.00287,0,0
14,36,1.00051,1.00437,0,0
----Generation 150--------
5,1,1.00156,1.00478,185,18
7,1,1.0071,1.00329,100,5
47,23,1.00726,1.00162,40,7
48,12,1.00816,1.00338,40,2
8,16,1.00345,1.00155,20,5
----Generation 151--------
48,12,1.00848,1.00155,40,6
7,1,1.0071,1.00329,40,2
48,12,1.00817,1.00155,40,6
50,16,1.00345,1.00155,40,2
26,16,1.00726,1.00162,40,2
----Generation 152--------
7,1,1.0071,1.00329,80,16
48,16,1.00345,1.00372,80,11
48,35,1.00345,1.00155,80,21
50,38,1.00726,1.00155,60,23
48,36,1.00345,1.00155,60,19
----Generation 153--------
7,1,1.0071,1.00329,100,9
48,35,1.00245,1.00155,65,9
48,36,1.00256,1.00155,25,7
48,38,1.00345,1.00058,20,10
48,36,1.00774,1.00155,0,4
----Generation 154--------
7,1,1.0071,1.00329,180,13
26,36,1.00256,1.00155,0,0
48,41,1.00345,1.00155,0,0
48,36,1.00483,1.00155,0,2
48,36,1.00309,1.00155,0,2
----Generation 155--------
24,6,1.00817,1.00193,40,2
7,1,1.0071,1.00329,20,1
27,10,1.00514,1.00182,20,1
6,1,1.00832,1.00309,20,1
25,14,1.00655,1.00121,20,5
----Generation 156--------
6,1,1.00127,1.00121,1085,139
6,1,1.00134,1.00309,690,66
6,1,1.00431,1.00121,500,66
27,14,1.00655,1.00121,120,30
6,1,1.0036,1.00309,120,6
----Generation 157--------
6,1,1.00127,1.00121,1135,168
6,1,1.00112,1.00121,1100,196
6,1,1.00187,1.00121,845,108
6,1,1.00134,1.00309,770,79
6,1,1.00215,1.00121,730,97
----Generation 158--------
6,1,1.00134,1.00074,1060,165
6,1,1.00112,1.00121,980,123
6,1,1.00071,1.00121,930,182
6,1,1.00127,1.00121,780,105
6,1,1.0006,1.00309,760,158
----Generation 159--------
3,1,1.0006,1.00309,1315,162
6,1,1.00123,1.00121,1300,197
6,1,1.00112,1.00121,1280,217
6,1,1.00136,1.00121,1270,171
6,1,1.00127,1.00121,1260,188
----Generation 160--------
6,1,1.00224,1.00121,0,0
14,1,1.00136,1.00121,0,0
6,1,1.00527,1.00121,0,0
6,1,1.00136,1.00371,0,0
6,33,1.00127,1.00121,0,0
----Generation 161--------
6,1,1.00224,1.00121,1140,225
14,1,1.00136,1.00121,1040,445
22,14,1.00225,1.00666,160,15
14,7,1.00413,1.00769,75,9
25,10,1.0053,1.00454,60,7
----Generation 162--------
14,10,1.00723,1.00454,0,0
16,10,1.00413,1.00769,0,0
14,10,1.00491,1.00454,0,0
22,22,1.00225,1.00666,0,0
22,14,1.0053,1.00108,0,0
----Generation 163--------
3,13,1.00589,1.00895,0,0
13,6,1.00472,1.00077,0,0
8,18,1.00225,1.005,0,0
48,7,1.00351,1.00207,0,0
44,32,1.0054,1.00822,0,0
----Generation 164--------
11,9,1.00768,1.00473,0,0
40,44,1.00757,1.00061,0,0
19,20,1.0079,1.00695,0,0
32,23,1.00695,1.00824,0,0
39,11,1.00809,1.00108,0,0
----Generation 165--------
29,15,1.0025,1.00839,0,0
23,44,1.0068,1.0053,0,0
44,4,1.00761,1.0015,0,0
45,35,1.00749,1.00886,0,0
5,31,1.00337,1.0037,0,0
----Generation 166--------
32,1,1.00599,1.00638,40,12
40,12,1.00406,1.00497,20,8
29,43,1.00446,1.00229,20,1
4,25,1.00561,1.00764,15,6
28,3,1.00428,1.0072,10,6
----Generation 167--------
29,43,1.00725,1.00229,0,0
33,43,1.00446,1.00229,0,0
28,25,1.00108,1.0072,0,0
28,3,1.00428,1.00764,0,0
28,3,1.00018,1.0072,0,0
----Generation 168--------
4,20,1.00253,1.00763,0,0
41,22,1.00868,1.00806,0,0
14,27,1.0011,1.00888,0,0
37,18,1.00441,1.00691,0,0
27,11,1.00121,1.00422,0,0
----Generation 169--------
50,45,1.00024,1.00498,55,33
6,34,1.00455,1.00404,40,4
27,30,1.00035,1.00768,40,10
26,11,1.00264,1.00527,35,7
22,34,1.00137,1.00807,25,3
----Generation 170--------
27,12,1.00137,1.00807,0,0
34,30,1.00137,1.00768,0,0
26,11,1.00264,1.00724,0,0
43,11,1.00137,1.00527,0,0
26,39,1.00137,1.00807,0,0
----Generation 171--------
50,46,1.00196,1.0007,0,0
40,28,1.00671,1.00691,0,0
10,7,1.0033,1.00657,0,0
5,25,1.00315,1.00604,0,0
36,30,1.00869,1.00111,0,0
----Generation 172--------
44,33,1.0082,1.00116,60,13
8,37,1.0072,1.00212,40,20
8,25,1.00376,1.00614,35,7
1,24,1.00511,1.00717,35,7
26,34,1.00506,1.00122,20,1
----Generation 173--------
37,24,1.00506,1.00122,0,0
26,34,1.00506,1.00326,0,0
40,25,1.00511,1.00717,0,0
26,36,1.00506,1.00122,0,0
2,25,1.00506,1.00122,0,0
----Generation 174--------
22,2,1.00397,1.00596,555,94
17,11,1.00238,1.00606,510,64
17,8,1.00202,1.00412,510,97
42,31,1.00045,1.00368,445,136
30,20,1.00355,1.00327,435,69
----Generation 175--------
30,31,1.00185,1.00368,0,0
35,31,1.00045,1.00368,0,0
46,8,1.00045,1.00368,0,0
30,8,1.00163,1.00412,0,0
42,20,1.00752,1.00327,0,0
----Generation 176--------
14,1,1.00714,1.00105,80,38
16,38,1.00218,1.00061,20,25
2,5,1.00209,1.00203,20,1
15,34,1.0022,1.00678,5,2
38,46,1.00116,1.00516,0,0
----Generation 177--------
2,1,1.00209,1.00203,100,5
2,5,1.0022,1.00836,20,1
15,34,1.00314,1.00678,10,4
2,5,1.00209,1.00847,5,2
15,34,1.004,1.00678,5,2
----Generation 178--------
15,34,1.00209,1.00698,0,0
17,34,1.004,1.00678,0,0
15,26,1.00314,1.00678,0,0
15,34,1.0039,1.00678,0,0
15,49,1.004,1.00678,0,0
----Generation 179--------
29,4,1.0072,1.00712,0,0
30,32,1.00227,1.00058,0,0
39,1,1.0043,1.0016,0,0
23,29,1.00239,1.00473,0,0
43,24,1.00582,1.00341,0,0
----Generation 180--------
6,38,1.00602,1.00323,80,18
29,13,1.0029,1.00354,75,16
31,1,1.00289,1.00757,70,42
29,4,1.0072,1.00712,65,5
41,1,1.00343,1.00504,65,33
----Generation 181--------
41,1,1.00289,1.00564,650,179
36,1,1.00289,1.00757,600,134
28,1,1.00289,1.00504,565,144
25,1,1.00289,1.00757,520,103
25,1,1.00289,1.00757,520,103
----Generation 182--------
25,1,1.00289,1.00153,235,81
25,1,1.00289,1.00226,175,39
25,1,1.00289,1.00314,175,18
25,1,1.00289,1.00273,175,27
25,1,1.00289,1.00248,155,34
----Generation 183--------
25,1,1.00289,1.00174,0,0
25,34,1.00289,1.00314,0,0
28,1,1.00289,1.00273,0,0
25,1,1.00289,1.00032,0,0
25,27,1.00289,1.00273,0,0
----Generation 184--------
45,48,1.00324,1.0021,0,0
19,49,1.00887,1.00167,0,0
12,35,1.00702,1.00232,0,0
19,14,1.00554,1.00802,0,0
28,16,1.0084,1.00873,0,0
----Generation 185--------
41,17,1.00816,1.00369,0,0
17,31,1.00223,1.00651,0,0
24,37,1.00409,1.00837,0,0
3,23,1.00013,1.0011,0,0
35,49,1.00822,1.0055,0,0
----Generation 186--------
1,33,1.00278,1.00408,0,0
38,14,1.0022,1.00468,0,0
38,12,1.0086,1.00384,0,0
27,41,1.00801,1.00211,0,0
5,9,1.00238,1.00151,0,0
----Generation 187--------
29,46,1.00179,1.00588,20,2
47,8,1.00439,1.00801,5,2
47,34,1.00551,1.00403,0,0
13,13,1.00635,1.00525,0,0
25,10,1.00309,1.00741,0,0
----Generation 188--------
30,7,1.00206,1.0073,0,0
41,10,1.00337,1.00802,0,0
8,13,1.0029,1.00827,0,0
39,8,1.00639,1.00246,0,0
19,5,1.00709,1.0038,0,0
----Generation 189--------
28,30,1.00054,1.00016,155,66
17,21,1.00079,1.00507,135,19
19,1,1.00357,1.00619,110,23
6,1,1.00272,1.00212,40,32
18,11,1.00183,1.00728,40,16
----Generation 190--------
6,12,1.00272,1.00619,0,0
28,1,1.00183,1.00728,0,0
18,11,1.00472,1.00212,0,0
48,1,1.00272,1.00619,0,0
11,1,1.00183,1.00619,0,0
----Generation 191--------
37,41,1.00061,1.00401,55,8
35,11,1.00327,1.0084,40,9
28,1,1.00183,1.00728,30,110
3,6,1.0032,1.00797,20,1
18,1,1.00453,1.0053,10,6
----Generation 192--------
28,36,1.00183,1.0053,0,0
3,1,1.0032,1.00366,0,0
3,6,1.00183,1.00744,0,0
2,1,1.00453,1.00728,0,0
28,6,1.00183,1.00457,0,0
----Generation 193--------
19,1,1.00246,1.00823,165,17
29,16,1.00136,1.00728,40,2
33,3,1.00836,1.00604,0,0
42,25,1.00251,1.00286,0,0
35,35,1.00366,1.00359,0,0
----Generation 194--------
11,46,1.00656,1.00643,0,0
1,17,1.00287,1.00891,0,0
44,30,1.00879,1.00172,0,0
10,3,1.00843,1.00325,0,0
35,5,1.00774,1.00098,0,0
----Generation 195--------
23,41,1.00428,1.00259,120,22
29,31,1.0075,1.00046,80,8
17,40,1.00379,1.00813,65,5
11,46,1.00656,1.00643,50,6
44,34,1.0081,1.00159,40,4
----Generation 196--------
17,28,1.00379,1.00159,60,11
11,40,1.00289,1.00813,45,4
29,31,1.0075,1.00046,40,2
17,4,1.00379,1.00159,25,40
11,4,1.0081,1.00159,20,23
----Generation 197--------
17,12,1.00379,1.00159,20,7
17,31,1.00379,1.00837,0,0
17,31,1.0075,1.00627,0,0
41,31,1.00379,1.00159,0,0
29,31,1.00379,1.00552,0,0
----Generation 198--------
14,6,1.00201,1.0082,55,50
36,43,1.00845,1.00171,20,1
49,44,1.0011,1.008,20,8
14,39,1.00352,1.00256,10,40
43,35,1.00548,1.00593,0,0
----Generation 199--------
14,21,1.0011,1.008,125,85
5,39,1.00352,1.008,75,109
49,44,1.00066,1.008,70,28
28,39,1.00352,1.00256,60,3
25,39,1.00352,1.00256,40,8
----Generation 200--------
28,8,1.00352,1.00256,35,43
25,4,1.00352,1.00256,25,70
28,39,1.00352,1.00309,20,1
49,23,1.00352,1.008,5,16
25,30,1.00352,1.00256,0,0
----Generation 201--------
28,21,1.00352,1.008,0,0
28,39,1.00808,1.00309,0,0
8,23,1.00352,1.008,0,0
9,39,1.00352,1.00309,0,0
49,23,1.00621,1.008,0,0
----Generation 202--------
10,1,1.00849,1.00103,580,220
13,43,1.00542,1.00462,90,8
23,36,1.00343,1.00193,60,13
7,41,1.00682,1.0087,50,6
46,20,1.00433,1.00868,25,3
----Generation 203--------
23,19,1.00433,1.00868,0,0
46,41,1.00682,1.00193,0,0
34,41,1.00682,1.0087,0,0
46,20,1.00478,1.00868,0,0
27,20,1.00433,1.00868,0,0
----Generation 204--------
2,28,1.00795,1.00265,0,0
24,50,1.00411,1.00365,0,0
12,20,1.00145,1.00172,0,0
9,44,1.00605,1.00182,0,0
43,20,1.00296,1.00763,0,0
----Generation 205--------
25,20,1.00132,1.00131,80,4
26,1,1.00182,1.00274,70,44
36,1,1.0065,1.00836,45,4
28,20,1.00192,1.00185,40,4
28,49,1.00516,1.00273,40,4
----Generation 206--------
36,1,1.0049,1.00185,80,12
36,1,1.0062,1.00185,80,12
11,1,1.00516,1.00273,80,6
43,1,1.0065,1.00185,60,11
49,1,1.0065,1.00273,40,2
----Generation 207--------
49,1,1.00516,1.00273,0,0
43,1,1.0065,1.00655,0,0
42,1,1.0065,1.00273,0,0
32,1,1.0065,1.00273,0,0
46,1,1.0065,1.00273,0,0
----Generation 208--------
15,8,1.00337,1.00148,0,0
30,39,1.00232,1.00261,0,0
2,46,1.00857,1.00002,0,0
33,36,1.00385,1.00433,0,0
23,30,1.00106,1.00127,0,0
----Generation 209--------
27,10,1.00005,1.00142,20,6
25,5,1.00672,1.00795,0,0
11,7,1.00282,1.00035,0,0
41,23,1.00477,1.00773,0,0
50,21,1.00208,1.00815,0,0
----Generation 210--------
11,49,1.00868,1.00141,0,0
11,31,1.00244,1.00268,0,0
22,23,1.00639,1.00109,0,0
10,23,1.00652,1.00777,0,0
3,32,1.00828,1.00211,0,0
----Generation 211--------
41,40,1.00169,1.00473,0,0
43,12,1.00479,1.00221,0,0
23,50,1.00868,1.00271,0,0
42,42,1.00669,1.00277,0,0
49,12,1.00332,1.00697,0,0
----Generation 212--------
26,23,1.00727,1.00008,200,127
17,33,1.00848,1.00279,20,1
24,12,1.00612,1.00322,20,3
46,15,1.00742,1.0018,20,15
4,48,1.00511,1.00517,20,1
----Generation 213--------
4,48,1.00511,1.00875,55,8
4,48,1.00511,1.00811,55,8
4,12,1.0036,1.00322,50,8
24,12,1.00877,1.00322,20,3
24,12,1.00729,1.00322,20,3
----Generation 214--------
4,12,1.0036,1.00285,0,0
4,6,1.0036,1.00322,0,0
24,12,1.00729,1.00061,0,0
24,12,1.00877,1.00409,0,0
24,12,1.00496,1.00322,0,0
----Generation 215--------
34,11,1.0054400000000001,1.00019,0,0
40,17,1.00073,1.00676,0,0
47,42,1.00447,1.00486,0,0
34,14,1.00528,1.0014,0,0
11,6,1.00076,1.002,0,0
----Generation 216--------
29,1,1.00345,1.00513,40,2
8,34,1.00233,1.00608,5,2
25,32,1.00838,1.00379,0,0
22,24,1.00095,1.0051,0,0
30,10,1.00271,1.00795,0,0
----Generation 217--------
8,4,1.00286,1.00077,0,0
26,15,1.00424,1.00639,0,0
44,10,1.00379,1.00826,0,0
42,3,1.00307,1.00272,0,0
17,15,1.00046,1.00101,0,0
----Generation 218--------
42,13,1.00171,1.0063,85,27
14,3,1.00259,1.00874,70,14
41,21,1.00601,1.00174,60,16
6,16,1.00692,1.00181,60,19
2,28,1.00413,1.00513,35,7
----Generation 219--------
41,3,1.00601,1.00513,70,7
41,28,1.00301,1.00513,40,9
39,16,1.00413,1.00513,40,9
41,19,1.00413,1.00513,40,9
11,16,1.00692,1.00181,40,4
----Generation 220--------
11,50,1.00413,1.00513,90,8
11,46,1.00413,1.00513,45,11
46,19,1.00413,1.00513,40,3
47,16,1.00413,1.00513,20,2
39,15,1.00413,1.00513,20,5
----Generation 221--------
30,16,1.00413,1.00513,425,79
39,19,1.00354,1.00513,370,71
23,16,1.00413,1.00513,365,34
39,19,1.00413,1.00513,330,69
39,15,1.00271,1.00513,310,75
----Generation 222--------
39,41,1.00413,1.00513,0,0
39,19,1.00352,1.00513,0,0
23,16,1.00413,1.00155,0,0
39,19,1.00654,1.00513,0,0
39,15,1.00271,1.00208,0,0
----Generation 223--------
24,45,1.00125,1.00518,130,38
40,1,1.00181,1.0056,90,228
14,42,1.00787,1.00582,60,5
5,32,1.008,1.00611,40,8
23,11,1.00321,1.00731,25,10
----Generation 224--------
5,32,1.00419,1.00582,0,0
23,11,1.00447,1.00582,0,0
5,32,1.00652,1.00611,0,0
23,22,1.00321,1.00582,0,0
23,26,1.00321,1.00731,0,0
----Generation 225--------
8,1,1.00142,1.00527,310,40
28,11,1.00727,1.0007,200,48
32,1,1.00715,1.00159,200,46
49,8,1.00585,1.00218,100,10
32,15,1.00356,1.00828,45,4
----Generation 226--------
12,1,1.00356,1.00159,430,52
8,1,1.00142,1.00527,360,67
49,1,1.00349,1.00218,105,77
49,1,1.00715,1.00226,100,62
15,1,1.00585,1.00218,80,24
----Generation 227--------
49,46,1.00585,1.00226,0,0
15,38,1.00349,1.00218,0,0
28,1,1.00349,1.00218,0,0
15,1,1.00585,1.00044,0,0
49,1,1.00732,1.00218,0,0
----Generation 228--------
23,23,1.0074,1.00404,0,0
19,3,1.00078,1.00663,0,0
5,35,1.00888,1.00332,0,0
16,20,1.00783,1.00748,0,0
4,14,1.00252,1.00581,0,0
----Generation 229--------
10,22,1.00179,1.00891,80,25
2,31,1.00376,1.00875,65,26
6,23,1.00819,1.00278,60,3
4,39,1.00497,1.00396,45,11
50,6,1.00606,1.00809,40,2
----Generation 230--------
28,6,1.00606,1.00809,65,12
50,39,1.00497,1.0015,40,10
50,27,1.00819,1.00278,40,6
50,23,1.00606,1.0041,20,3
50,23,1.00634,1.00278,20,7
----Generation 231--------
50,27,1.00865,1.00278,0,0
50,23,1.003,1.00278,0,0
11,23,1.00606,1.0041,0,0
50,23,1.00606,1.00403,0,0
50,29,1.00606,1.00278,0,0
----Generation 232--------
45,15,1.00893,1.00584,0,0
47,23,1.00455,1.00322,0,0
34,22,1.00541,1.0062,0,0
47,30,1.00443,1.00016,0,0
49,20,1.0052,1.00652,0,0
----Generation 233--------
39,3,1.00892,1.00261,60,17
12,42,1.00844,1.00188,60,40
41,44,1.0085,1.00059,40,2
25,40,1.00242,1.00228,40,8
9,15,1.00607,1.00197,20,3
----Generation 234--------
6,15,1.00242,1.00197,85,41
9,36,1.00242,1.00228,50,34
9,19,1.00607,1.00197,20,5
9,15,1.0085,1.00138,20,15
9,15,1.0085,1.00108,20,28
----Generation 235--------
9,1,1.0085,1.00138,500,80
31,15,1.0085,1.00138,260,20
31,15,1.00607,1.00108,180,40
9,3,1.0085,1.00138,160,38
35,15,1.0085,1.00197,100,8
----Generation 236--------
9,1,1.0085,1.00138,280,140
9,1,1.0085,1.00138,280,140
35,3,1.0085,1.00313,260,64
9,3,1.00198,1.00138,260,132
35,3,1.0085,1.00844,240,19
----Generation 237--------
35,3,1.00076,1.00313,0,0
9,3,1.00348,1.00138,0,0
35,3,1.00198,1.00305,0,0
35,3,1.0085,1.00701,0,0
45,3,1.0085,1.00313,0,0
----Generation 238--------
5,1,1.00016,1.00137,2095,700
4,10,1.00287,1.00397,85,6
31,11,1.00808,1.00255,80,22
44,18,1.00698,1.00214,60,45
22,6,1.00409,1.00385,55,14
----Generation 239--------
31,35,1.00808,1.00385,0,0
31,6,1.0077,1.00385,0,0
44,18,1.00136,1.00255,0,0
26,6,1.00409,1.00385,0,0
31,6,1.00492,1.00385,0,0
----Generation 240--------
40,34,1.00578,1.00718,0,0
30,7,1.00075,1.00022,0,0
19,24,1.00633,1.00515,0,0
11,1,1.00278,1.00354,0,0
46,34,1.00483,1.00711,0,0
----Generation 241--------
27,32,1.00455,1.00092,0,0
33,22,1.00784,1.00277,0,0
22,10,1.00531,1.00079,0,0
4,11,1.00729,1.00541,0,0
13,2,1.00218,1.0054,0,0
----Generation 242--------
26,1,1.00358,1.00655,360,66
32,20,1.00725,1.00264,80,5
16,25,1.00829,1.00183,60,19
2,12,1.00416,1.00672,60,10
2,20,1.00614,1.0053,10,18
----Generation 243--------
26,1,1.00358,1.00655,280,73
32,12,1.00614,1.0053,160,36
32,20,1.00614,1.0053,130,17
37,20,1.00829,1.00183,120,69
41,12,1.00614,1.00672,105,28
----Generation 244--------
37,20,1.0055,1.00183,0,0
37,24,1.00829,1.00672,0,0
37,20,1.00614,1.0053,0,0
37,20,1.00705,1.0053,0,0
15,12,1.00614,1.00672,0,0
----Generation 245--------
41,49,1.00619,1.00182,0,0
50,33,1.00358,1.00567,0,0
34,32,1.00823,1.00148,0,0
25,40,1.00066,1.00751,0,0
3,17,1.00742,1.00101,0,0
----Generation 246--------
34,50,1.00066,1.00782,30,13
35,20,1.00611,1.00101,20,2
20,11,1.0036,1.00233,20,1
31,6,1.00158,1.00838,5,9
2,22,1.00264,1.00396,5,2
----Generation 247--------
31,6,1.00313,1.00838,45,18
20,11,1.00741,1.00233,40,2
2,11,1.0036,1.00838,40,2
2,7,1.00264,1.00396,40,8
2,6,1.00264,1.00693,40,2
----Generation 248--------
2,7,1.00264,1.00478,0,0
2,11,1.0036,1.00595,0,0
2,10,1.00264,1.00693,0,0
2,6,1.0036,1.00195,0,0
25,7,1.00264,1.00396,0,0
----Generation 249--------
39,14,1.00182,1.00078,0,0
33,2,1.00817,1.00417,0,0
21,37,1.00378,1.00833,0,0
43,34,1.00745,1.00605,0,0
2,24,1.00825,1.00613,0,0
----Generation 250--------
22,16,1.0047,1.00194,60,5
41,28,1.00838,1.0007,60,27
47,29,1.00645,1.00143,60,8
32,14,1.00127,1.00543,25,46
29,16,1.00543,1.00327,20,5
----Generation 251--------
29,45,1.00543,1.00143,20,16
47,29,1.00645,1.00319,20,1
12,16,1.00127,1.00327,10,11
17,16,1.00543,1.00327,0,0
32,16,1.00768,1.00543,0,0
----Generation 252--------
12,16,1.00127,1.00843,0,0
12,16,1.00845,1.00327,0,0
12,16,1.00567,1.00327,0,0
47,16,1.00127,1.00327,0,0
12,50,1.00127,1.00327,0,0
----Generation 253--------
24,30,1.00197,1.00636,0,0
44,25,1.00089,1.00225,0,0
45,3,1.004,1.00732,0,0
23,2,1.00549,1.00003,0,0
13,18,1.00702,1.00597,0,0
----Generation 254--------
27,5,1.00799,1.00223,40,2
9,29,1.0021,1.00554,40,2
23,12,1.00094,1.0016,25,15
39,29,1.00539,1.00058,20,8
46,26,1.00364,1.00391,0,0
----Generation 255--------
23,16,1.00539,1.0016,0,0
23,12,1.00094,1.00766,0,0
39,29,1.00308,1.0016,0,0
23,49,1.00539,1.00058,0,0
23,29,1.00808,1.0016,0,0
----Generation 256--------
21,14,1.0029,1.00503,275,26
18,11,1.00235,1.00431,235,38
44,50,1.0009,1.00358,200,38
48,13,1.00829,1.00861,180,30
22,11,1.00572,1.00512,180,16
----Generation 257--------
48,6,1.00572,1.00512,90,26
44,25,1.00572,1.00358,90,15
44,11,1.00314,1.00512,85,34
20,13,1.00572,1.00512,80,4
44,31,1.00572,1.00358,60,3
----Generation 258--------
39,11,1.00314,1.00358,70,58
44,16,1.00572,1.00358,45,16
48,6,1.00572,1.00512,30,42
44,11,1.00663,1.00512,30,5
44,13,1.00609,1.00512,10,4
----Generation 259--------
44,1,1.00572,1.00512,175,21
48,13,1.00392,1.00512,45,27
48,6,1.00572,1.00305,30,41
48,6,1.00609,1.00341,20,27
48,36,1.00572,1.00512,0,0
----Generation 260--------
48,6,1.00572,1.00108,160,46
48,6,1.00572,1.00103,120,49
48,6,1.00609,1.00185,60,21
48,6,1.00572,1.00227,60,14
48,6,1.00609,1.00047,60,84
----Generation 261--------
48,34,1.00609,1.00047,0,0
49,6,1.00572,1.00227,0,0
6,6,1.00609,1.00047,0,0
48,38,1.00609,1.00185,0,0
48,6,1.00609,1.00835,0,0
----Generation 262--------
50,30,1.00898,1.00698,0,0
28,39,1.00276,1.0004,0,0
37,30,1.00492,1.00897,0,0
19,36,1.00075,1.00019,0,0
19,2,1.0057,1.00356,0,0
----Generation 263--------
3,8,1.00873,1.00008,0,0
45,19,1.00802,1.00847,0,0
23,3,1.0021,1.00826,0,0
16,7,1.00254,1.0054400000000001,0,0
4,7,1.00231,1.00773,0,0
----Generation 264--------
16,27,1.00659,1.00671,0,0
50,13,1.00429,1.00163,0,0
13,30,1.00294,1.00762,0,0
20,6,1.00839,1.00224,0,0
46,5,1.00162,1.00462,0,0
----Generation 265--------
49,40,1.00157,1.00864,0,0
40,25,1.00188,1.00074,0,0
27,11,1.00572,1.00321,0,0
39,32,1.00051,1.00561,0,0
15,29,1.00722,1.00252,0,0
----Generation 266--------
28,11,1.00187,1.0044,0,0
26,33,1.00398,1.00507,0,0
42,23,1.00096,1.00564,0,0
28,6,1.00532,1.00611,0,0
3,21,1.00141,1.00053,0,0
----Generation 267--------
23,15,1.00105,1.00774,355,72
40,1,1.00514,1.0058,335,55
24,6,1.00328,1.00893,325,46
34,18,1.00299,1.00702,245,42
39,30,1.00211,1.00504,225,41
----Generation 268--------
24,6,1.00185,1.00504,145,45
24,6,1.00195,1.00504,115,40
24,6,1.00466,1.00504,80,12
34,6,1.00299,1.00604,75,30
40,1,1.00514,1.0058,60,33
----Generation 269--------
15,1,1.00466,1.00504,440,42
9,1,1.00514,1.0058,405,22
35,1,1.00299,1.0058,370,63
34,1,1.00299,1.00548,310,67
40,1,1.00703,1.00604,285,27
----Generation 270--------
35,1,1.00703,1.00098,0,0
35,1,1.00299,1.00515,0,0
48,1,1.00299,1.0058,0,0
34,1,1.00703,1.00109,0,0
40,40,1.00703,1.0058,0,0
----Generation 271--------
8,2,1.00141,1.00468,220,53
35,1,1.00303,1.00398,115,53
12,46,1.00789,1.00383,60,7
16,47,1.00872,1.00457,60,3
35,1,1.00299,1.00515,45,53
----Generation 272--------
9,1,1.00299,1.00383,150,13
12,1,1.00118,1.00383,125,68
7,1,1.00299,1.00515,110,9
8,2,1.00141,1.00468,105,28
12,1,1.00127,1.00515,95,59
----Generation 273--------
8,1,1.00127,1.00651,860,85
7,1,1.00127,1.00474,845,72
8,1,1.00141,1.00279,805,72
8,1,1.00141,1.00564,785,69
8,1,1.00141,1.00829,785,69
----Generation 274--------
8,1,1.00101,1.00279,1040,140
8,1,1.0011,1.00564,985,114
8,1,1.00104,1.00564,940,124
8,1,1.00127,1.00651,890,83
8,1,1.00125,1.00279,850,92
----Generation 275--------
8,1,1.00101,1.00279,1015,149
8,1,1.00137,1.00279,960,106
8,1,1.00125,1.00375,950,98
8,1,1.00125,1.00282,930,115
8,1,1.00104,1.00235,915,168
----Generation 276--------
8,1,1.00125,1.0011,1745,289
8,1,1.00125,1.00148,1725,213
8,1,1.00125,1.00187,1725,181
8,1,1.00125,1.00198,1705,176
8,1,1.00125,1.00123,1685,255
----Generation 277--------
8,1,1.0039,1.00187,0,0
8,1,1.00439,1.00187,0,0
8,1,1.00766,1.00187,0,0
8,1,1.00323,1.00187,0,0
8,44,1.00125,1.00187,0,0
----Generation 278--------
8,1,1.0039,1.00187,260,17
8,1,1.00439,1.00187,260,17
15,1,1.00108,1.00845,215,93
13,1,1.00255,1.00762,90,8
31,20,1.0058,1.00133,60,7
----Generation 279--------
25,20,1.0058,1.00762,0,0
8,20,1.00108,1.00133,0,0
13,1,1.00255,1.00812,0,0
31,12,1.00108,1.00845,0,0
27,20,1.00255,1.00133,0,0
----Generation 280--------
8,2,1.00151,1.00656,115,33
7,14,1.00619,1.00271,60,7
6,18,1.00509,1.00305,45,16
8,33,1.00639,1.00623,40,12
9,32,1.0075,1.00742,40,8
----Generation 281--------
8,34,1.00509,1.00305,0,0
6,18,1.00639,1.00695,0,0
8,16,1.00639,1.00305,0,0
8,33,1.00639,1.00345,0,0
9,1,1.0075,1.00623,0,0
----Generation 282--------
2,1,1.00042,1.00202,3290,209
9,4,1.00154,1.00258,195,66
11,3,1.00107,1.00679,140,183
18,1,1.00589,1.00369,115,17
33,32,1.00066,1.00014,100,17
----Generation 283--------
2,1,1.00042,1.00202,3870,264
4,1,1.00589,1.00014,1220,510
11,1,1.00107,1.00824,860,286
11,1,1.00086,1.00679,780,331
18,1,1.00285,1.00679,525,97
----Generation 284--------
12,1,1.00086,1.00679,0,0
40,1,1.00086,1.00679,0,0
11,1,1.00772,1.00679,0,0
18,50,1.00086,1.00679,0,0
11,1,1.00107,1.00784,0,0
----Generation 285--------
12,1,1.00086,1.00679,445,329
26,1,1.00461,1.0063,200,39
10,4,1.00289,1.00339,80,18
18,2,1.00782,1.00448,65,17
18,28,1.00894,1.00382,20,3
----Generation 286--------
18,2,1.00744,1.00382,0,0
10,2,1.00759,1.00448,0,0
4,2,1.00782,1.00448,0,0
18,4,1.00474,1.00448,0,0
20,4,1.00289,1.00448,0,0
----Generation 287--------
11,14,1.00682,1.00298,0,0
35,17,1.00856,1.00861,0,0
16,21,1.00372,1.00439,0,0
13,38,1.00413,1.00542,0,0
29,24,1.00161,1.00421,0,0
----Generation 288--------
15,2,1.00179,1.00588,95,123
17,2,1.00767,1.00433,85,16
4,6,1.00107,1.00811,70,14
13,8,1.00104,1.00216,35,84
39,2,1.00426,1.00666,10,32
----Generation 289--------
22,2,1.00426,1.00666,265,47
4,2,1.00107,1.00429,240,58
13,2,1.00293,1.00666,225,52
29,6,1.00426,1.00811,225,41
13,2,1.00426,1.00554,210,34
----Generation 290--------
13,2,1.00293,1.00133,130,132
13,2,1.00259,1.00554,125,50
19,2,1.00293,1.00666,115,53
13,2,1.00293,1.00825,110,37
13,2,1.00293,1.00666,110,37
----Generation 291--------
13,2,1.00293,1.00759,230,92
13,2,1.00293,1.00586,230,98
13,2,1.00293,1.00582,230,98
13,2,1.00293,1.00759,230,92
13,2,1.00293,1.00736,210,93
----Generation 292--------
13,46,1.00293,1.00582,0,0
13,2,1.00293,1.00231,0,0
13,2,1.00883,1.00759,0,0
13,2,1.00689,1.00736,0,0
13,2,1.00886,1.00736,0,0
----Generation 293--------
8,31,1.00258,1.0079,0,0
14,28,1.00104,1.00551,0,0
7,21,1.0023,1.00415,0,0
50,25,1.00091,1.00123,0,0
49,3,1.00617,1.00721,0,0
----Generation 294--------
41,37,1.00504,1.00733,0,0
46,32,1.0045,1.00674,0,0
6,20,1.00517,1.00461,0,0
21,33,1.00359,1.00621,0,0
16,25,1.00799,1.00727,0,0
----Generation 295--------
27,48,1.00174,1.0039,0,0
3,45,1.00478,1.00386,0,0
21,12,1.00121,1.00209,0,0
2,9,1.00371,1.00388,0,0
16,27,1.00776,1.00134,0,0
----Generation 296--------
42,48,1.00853,1.00012,0,0
6,28,1.00682,1.0032,0,0
8,44,1.00099,1.00265,0,0
36,13,1.00103,1.00237,0,0
12,3,1.00352,1.00742,0,0
----Generation 297--------
45,4,1.0058,1.00637,0,0
31,32,1.00064,1.0057,0,0
18,32,1.00789,1.00299,0,0
32,3,1.0058,1.00505,0,0
20,18,1.00248,1.00154,0,0
----Generation 298--------
31,33,1.0061,1.00039,0,0
34,19,1.00724,1.00355,0,0
33,29,1.00297,1.00449,0,0
38,33,1.00055,1.00838,0,0
6,47,1.00768,1.00318,0,0
----Generation 299--------
50,1,1.0032,1.00237,215,47
45,3,1.00222,1.00628,40,40
41,26,1.00181,1.00184,40,5
13,6,1.00846,1.00295,20,5
23,3,1.00689,1.00404,20,3
----Generation 300--------
50,1,1.0032,1.00237,115,134
13,37,1.00846,1.00295,20,3
12,6,1.00846,1.00295,20,3
23,28,1.00181,1.00184,0,0
33,26,1.00689,1.00404,0,0
----Generation 301--------
12,6,1.00846,1.00886,0,0
12,6,1.00846,1.00569,0,0
9,6,1.00846,1.00295,0,0
4,6,1.00846,1.00295,0,0
12,6,1.00846,1.00876,0,0
----Generation 302--------
16,26,1.00575,1.0065,0,0
44,34,1.00457,1.00557,0,0
14,22,1.00042,1.00179,0,0
49,7,1.00652,1.0046,0,0
43,46,1.00582,1.00259,0,0
----Generation 303--------
5,10,1.00333,1.00654,0,0
30,38,1.00028,1.00418,0,0
40,39,1.00395,1.0039,0,0
36,41,1.00285,1.00853,0,0
6,30,1.00811,1.00113,0,0
----Generation 304--------
36,1,1.00796,1.00297,60,15
6,44,1.00328,1.00599,25,3
16,40,1.00175,1.00656,15,21
5,10,1.00333,1.00654,0,0
22,19,1.00589,1.00266,0,0
----Generation 305--------
16,1,1.00175,1.00656,675,160
16,11,1.00175,1.00656,75,9
16,25,1.00175,1.00656,60,3
16,27,1.00175,1.00656,50,6
16,31,1.00175,1.00656,15,27
----Generation 306--------
16,1,1.00175,1.00656,815,165
16,25,1.00159,1.00656,35,14
16,31,1.00205,1.00656,25,17
16,25,1.00175,1.00551,15,13
16,25,1.00175,1.00747,15,13
----Generation 307--------
16,1,1.00175,1.00551,835,175
16,1,1.00175,1.00656,795,171
16,31,1.00779,1.00551,40,2
16,25,1.00175,1.0037,35,16
16,31,1.00245,1.00747,35,14
----Generation 308--------
16,9,1.00779,1.0037,0,0
16,31,1.00175,1.00547,0,0
43,25,1.00779,1.00551,0,0
16,23,1.00245,1.00551,0,0
16,31,1.0062,1.0037,0,0
----Generation 309--------
29,2,1.00701,1.00251,125,14
26,41,1.00546,1.00275,60,7
39,1,1.00695,1.00792,45,4
32,46,1.00358,1.00128,40,9
49,3,1.00733,1.00333,20,3
----Generation 310--------
26,41,1.00546,1.00275,40,23
39,1,1.00695,1.00792,35,14
39,1,1.00358,1.00552,25,45
35,1,1.00695,1.00792,15,13
39,1,1.00591,1.00792,10,18
----Generation 311--------
39,1,1.00358,1.00222,0,0
39,1,1.00695,1.00552,0,0
35,9,1.00695,1.00552,0,0
39,1,1.00695,1.00497,0,0
39,1,1.00358,1.00329,0,0
----Generation 312--------
10,44,1.00279,1.00556,0,0
50,40,1.00659,1.00014,0,0
43,30,1.00703,1.00849,0,0
19,25,1.00133,1.00598,0,0
46,28,1.0029,1.00094,0,0
----Generation 313--------
44,14,1.00629,1.00365,80,10
22,5,1.00695,1.00225,80,33
35,7,1.00799,1.00414,80,12
28,11,1.0041,1.00289,80,10
19,10,1.00223,1.00163,80,27
----Generation 314--------
37,7,1.00799,1.00289,80,4
35,10,1.00354,1.00163,80,29
28,10,1.0052,1.00163,80,18
28,7,1.0041,1.00222,60,12
17,7,1.00799,1.00163,60,15
----Generation 315--------
28,7,1.0052,1.00017,0,0
22,7,1.0052,1.00163,0,0
40,7,1.0041,1.00222,0,0
3,10,1.0041,1.00163,0,0
17,49,1.00799,1.00222,0,0
----Generation 316--------
20,39,1.00225,1.00705,80,4
35,1,1.00764,1.00316,80,14
45,43,1.0002,1.00574,30,5
29,24,1.00195,1.00388,0,0
43,8,1.00894,1.00579,0,0
----Generation 317--------
24,43,1.0002,1.00574,0,0
45,32,1.0002,1.00574,0,0
45,43,1.00025,1.00574,0,0
45,43,1.0002,1.00098,0,0
45,35,1.0002,1.00574,0,0
----Generation 318--------
11,1,1.00119,1.00441,1360,407
10,2,1.00172,1.00517,280,204
27,1,1.00896,1.00703,165,32
5,8,1.00109,1.00304,125,99
43,26,1.00432,1.00751,100,19
----Generation 319--------
11,1,1.00119,1.00441,405,164
5,1,1.00896,1.00071,340,181
43,1,1.00896,1.00192,260,94
49,1,1.00896,1.00304,140,44
20,1,1.00896,1.00304,120,31
----Generation 320--------
5,1,1.00896,1.00071,1140,122
13,1,1.00896,1.00192,280,45
30,1,1.00896,1.00192,220,46
26,1,1.00896,1.00192,140,40
50,1,1.00896,1.00192,140,34
----Generation 321--------
5,1,1.00896,1.00071,320,88
21,1,1.00896,1.00192,140,25
20,1,1.00896,1.00192,120,26
26,1,1.00299,1.00192,120,22
20,1,1.00896,1.00192,120,26
----Generation 322--------
5,1,1.00896,1.00071,1220,220
11,1,1.00299,1.00192,855,92
11,1,1.00299,1.00192,855,92
6,1,1.00896,1.00192,620,45
26,1,1.00299,1.0046,540,89
----Generation 323--------
5,1,1.00896,1.00071,1160,178
6,1,1.00896,1.00124,700,80
11,1,1.00299,1.00144,700,100
6,1,1.00896,1.00068,680,206
11,1,1.00095,1.00192,520,238
----Generation 324--------
11,1,1.00299,1.0052,0,0
10,1,1.00299,1.00144,0,0
38,1,1.00896,1.00144,0,0
6,1,1.00816,1.00068,0,0
11,1,1.00095,1.00002,0,0
----Generation 325--------
11,1,1.00299,1.0052,485,66
10,1,1.00299,1.00144,435,224
26,1,1.00469,1.00897,385,46
26,7,1.00332,1.00726,360,46
26,9,1.00298,1.00862,360,46
----Generation 326--------
10,1,1.00299,1.00144,485,79
26,9,1.00298,1.00174,160,21
26,9,1.00298,1.00178,160,21
26,9,1.00469,1.00191,140,19
26,1,1.00469,1.00228,125,36
----Generation 327--------
10,1,1.00469,1.00228,130,38
10,1,1.00299,1.00144,55,85
26,44,1.00469,1.00191,20,4
26,44,1.00298,1.00191,20,4
26,44,1.00298,1.00228,20,3
----Generation 328--------
26,37,1.00298,1.00191,0,0
36,44,1.00298,1.00228,0,0
26,44,1.00641,1.00191,0,0
26,25,1.00469,1.00228,0,0
26,34,1.00469,1.00191,0,0
----Generation 329--------
34,32,1.00648,1.00049,0,0
12,36,1.00287,1.00186,0,0
3,11,1.0013,1.00053,0,0
27,28,1.00347,1.00491,0,0
13,16,1.00881,1.00066,0,0
----Generation 330--------
47,20,1.00484,1.00847,0,0
14,48,1.002,1.0035,0,0
43,20,1.0067,1.00786,0,0
41,17,1.0039,1.00396,0,0
12,26,1.00062,1.00729,0,0
----Generation 331--------
41,37,1.00352,1.00304,0,0
17,37,1.00319,1.00321,0,0
8,9,1.00184,1.0082,0,0
41,3,1.00435,1.00395,0,0
14,32,1.00754,1.00556,0,0
----Generation 332--------
11,18,1.00161,1.00242,0,0
17,34,1.00466,1.00741,0,0
9,2,1.00697,1.00084,0,0
2,36,1.00228,1.00109,0,0
50,20,1.00245,1.00876,0,0
----Generation 333--------
34,17,1.00527,1.00218,0,0
5,17,1.00201,1.00557,0,0
6,21,1.00323,1.00049,0,0
22,1,1.0057,1.00511,0,0
24,32,1.00146,1.00229,0,0
----Generation 334--------
26,33,1.00036,1.00461,205,74
23,29,1.0005,1.00425,200,39
12,48,1.00596,1.0032,40,4
22,42,1.00227,1.00351,25,3
27,38,1.00366,1.00157,20,3
----Generation 335--------
1,38,1.00596,1.00157,0,0
12,14,1.00366,1.00157,0,0
22,38,1.00298,1.00157,0,0
12,38,1.00596,1.00012,0,0
10,42,1.00366,1.00351,0,0
----Generation 336--------
27,16,1.00851,1.00412,0,0
45,16,1.00049,1.00452,0,0
19,15,1.00106,1.00331,0,0
31,44,1.00305,1.00069,0,0
9,1,1.00462,1.0018,0,0
----Generation 337--------
30,1,1.00335,1.00845,135,26
25,12,1.00162,1.00627,70,21
43,2,1.00596,1.00552,65,5
43,15,1.00557,1.00798,65,5
28,14,1.00285,1.0026,55,15
----Generation 338--------
28,14,1.00285,1.00384,0,0
43,34,1.00596,1.00552,0,0
43,48,1.00596,1.00552,0,0
28,2,1.00596,1.00646,0,0
7,15,1.00557,1.00798,0,0
----Generation 339--------
10,1,1.00349,1.00363,175,16
24,21,1.00837,1.00039,120,31
32,1,1.00374,1.00422,75,28
30,18,1.0014,1.00837,50,35
8,19,1.00419,1.0048,45,8
----Generation 340--------
8,1,1.00268,1.00422,140,9
3,1,1.0014,1.00837,120,6
10,1,1.00349,1.00363,100,7
24,21,1.00837,1.00039,100,15
8,1,1.00419,1.00299,80,6
----Generation 341--------
24,6,1.00349,1.00363,0,0
10,1,1.00419,1.0066,0,0
33,21,1.00837,1.00299,0,0
18,21,1.00419,1.00039,0,0
10,13,1.00419,1.00299,0,0
----Generation 342--------
19,36,1.00274,1.00893,0,0
31,32,1.00125,1.0086,0,0
27,39,1.00325,1.00692,0,0
25,22,1.00889,1.00746,0,0
15,6,1.00734,1.00241,0,0
----Generation 343--------
48,1,1.00647,1.0006,0,0
27,20,1.00259,1.00497,0,0
37,3,1.00359,1.00294,0,0
48,12,1.00889,1.00245,0,0
22,39,1.00463,1.00334,0,0
----Generation 344--------
45,1,1.00041,1.00131,0,0
42,10,1.00582,1.0004,0,0
24,39,1.00334,1.00491,0,0
23,7,1.00708,1.00436,0,0
20,7,1.00236,1.00317,0,0
----Generation 345--------
7,1,1.00159,1.00212,2120,335
15,1,1.00306,1.00396,905,178
7,2,1.0009,1.00624,235,339
15,1,1.00506,1.00069,165,471
5,27,1.00447,1.00591,115,66
----Generation 346--------
7,1,1.0009,1.0008,2270,521
7,1,1.00122,1.00069,2035,482
5,1,1.00796,1.00069,1520,286
7,1,1.00159,1.00212,1320,164
5,1,1.00506,1.00021,840,480
----Generation 347--------
5,1,1.00041,1.00021,0,0
7,1,1.00159,1.00001,0,0
5,27,1.00506,1.00021,0,0
5,1,1.00745,1.00212,0,0
7,1,1.00576,1.00069,0,0
----Generation 348--------
24,28,1.00257,1.00746,0,0
22,39,1.00235,1.00486,0,0
32,4,1.00645,1.00411,0,0
20,4,1.00282,1.00565,0,0
27,20,1.00401,1.00042,0,0
----Generation 349--------
6,1,1.00185,1.00121,1330,279
3,10,1.00231,1.00593,170,47
6,43,1.00543,1.00508,45,31
2,14,1.00525,1.00629,40,2
3,9,1.00318,1.00662,40,9
----Generation 350--------
3,39,1.00525,1.00629,0,0
29,43,1.00525,1.00508,0,0
23,14,1.00543,1.00629,0,0
5,9,1.00318,1.00508,0,0
3,9,1.00701,1.00508,0,0
----Generation 351--------
8,22,1.00118,1.00397,80,64
26,48,1.00138,1.00535,75,39
36,43,1.0004,1.00582,55,52
8,19,1.00781,1.00389,40,4
19,33,1.00487,1.00226,40,5
----Generation 352--------
47,33,1.00487,1.00226,20,5
45,19,1.00781,1.00389,20,4
8,8,1.00781,1.00389,0,0
19,24,1.00487,1.00226,0,2
41,33,1.00487,1.00226,0,0
----Generation 353--------
3,46,1.00466,1.00474,0,0
10,48,1.00691,1.00621,0,0
35,45,1.00266,1.00442,0,0
32,31,1.0019,1.00026,0,0
14,35,1.00723,1.00674,0,0
----Generation 354--------
10,4,1.00106,1.00503,380,118
40,21,1.00506,1.00808,230,22
31,10,1.00354,1.00875,205,40
39,7,1.00776,1.00841,180,23
31,6,1.00331,1.00541,145,44
----Generation 355--------
31,6,1.00469,1.00541,5,2
4,10,1.00776,1.00841,0,0
39,7,1.00627,1.00841,0,0
28,6,1.00776,1.00541,0,0
39,7,1.00776,1.00784,0,0
----Generation 356--------
9,18,1.00139,1.00689,90,8
8,32,1.00281,1.00365,40,9
36,38,1.00237,1.00023,20,3
39,1,1.00785,1.00395,20,1
5,27,1.00232,1.00345,20,24
----Generation 357--------
36,33,1.00237,1.00023,0,0
39,1,1.00126,1.00395,0,0
36,1,1.00785,1.00216,0,0
39,1,1.00356,1.00395,0,0
50,27,1.00232,1.00345,0,0
----Generation 358--------
40,7,1.00806,1.00806,0,0
8,25,1.00392,1.00133,0,0
30,3,1.00249,1.006,0,0
14,28,1.00196,1.00403,0,0
43,2,1.00891,1.00855,0,0
----Generation 359--------
10,41,1.00857,1.0064,0,0
20,29,1.00231,1.00694,0,0
40,40,1.00128,1.00658,0,0
27,15,1.00122,1.00374,0,0
15,26,1.0065,1.00022,0,0
----Generation 360--------
25,33,1.00122,1.00324,60,3
3,23,1.0088,1.00518,60,5
6,25,1.00742,1.00456,40,4
9,13,1.00185,1.0059,25,3
25,27,1.00051,1.00078,5,2
----Generation 361--------
25,25,1.00085,1.00078,0,0
41,27,1.00051,1.00078,0,0
9,32,1.00051,1.0059,0,0
9,27,1.00051,1.00356,0,0
25,25,1.0066,1.00456,0,0
----Generation 362--------
20,1,1.00509,1.0085,305,40
26,15,1.00361,1.00588,215,37
16,9,1.0026,1.00554,210,35
25,11,1.00264,1.00571,205,47
18,2,1.00516,1.00744,185,36
----Generation 363--------
16,31,1.0026,1.00554,0,0
18,2,1.00516,1.00866,0,0
25,11,1.0026,1.00445,0,0
5,9,1.0026,1.00744,0,0
16,11,1.0026,1.00749,0,0
----Generation 364--------
4,31,1.00761,1.00873,5,2
32,32,1.00194,1.00689,0,0
38,28,1.00388,1.00627,0,0
11,21,1.00463,1.00875,0,0
49,39,1.00439,1.00872,0,0
----Generation 365--------
29,1,1.00187,1.00689,0,0
32,4,1.00285,1.0076,0,0
40,34,1.00056,1.00262,0,0
4,2,1.00581,1.00389,0,0
25,39,1.00868,1.00813,0,0
----Generation 366--------
24,47,1.00117,1.00498,0,0
39,29,1.00223,1.00289,0,0
43,32,1.00859,1.00289,0,0
16,8,1.0001,1.00363,0,0
38,12,1.00782,1.00438,0,0
----Generation 367--------
3,46,1.00592,1.00797,200,35
2,28,1.00372,1.00782,80,53
18,42,1.00476,1.00709,75,9
3,44,1.00447,1.00851,65,47
5,2,1.00198,1.00258,55,14
----Generation 368--------
18,42,1.00476,1.00263,0,0
3,42,1.00476,1.00258,0,0
3,2,1.00198,1.0048,0,0
18,43,1.00198,1.00709,0,0
43,42,1.00447,1.00709,0,0
----Generation 369--------
31,19,1.00699,1.00446,0,0
15,17,1.00175,1.00591,0,0
32,25,1.002,1.00494,0,0
45,25,1.00315,1.00549,0,0
7,15,1.00653,1.0063,0,0
----Generation 370--------
37,6,1.00559,1.00798,120,20
2,16,1.00331,1.00551,90,22
32,23,1.00128,1.00628,65,40
41,3,1.00462,1.00843,65,54
47,3,1.0071,1.00721,60,19
----Generation 371--------
19,3,1.00462,1.00721,75,9
41,23,1.00451,1.00628,70,7
41,3,1.0061,1.00843,70,7
41,21,1.00462,1.00628,70,7
41,3,1.00515,1.00628,70,7
----Generation 372--------
41,3,1.0069,1.00628,35,14
41,3,1.00729,1.00628,35,14
28,3,1.0061,1.00628,30,12
28,3,1.0061,1.00843,30,12
41,3,1.0067,1.00628,20,15
----Generation 373--------
41,3,1.0061,1.00749,0,0
44,3,1.0061,1.00628,0,0
41,3,1.0061,1.0014,0,0
41,3,1.00499,1.00843,0,0
2,3,1.0061,1.00628,0,0
----Generation 374--------
5,38,1.0068,1.00112,0,0
5,20,1.00165,1.0047,0,0
47,45,1.00646,1.00852,0,0
41,26,1.00108,1.00366,0,0
37,17,1.00631,1.00624,0,0
----Generation 375--------
18,1,1.00414,1.00899,370,43
34,1,1.00619,1.00072,360,180
16,2,1.00345,1.00797,295,48
14,2,1.00092,1.00229,215,294
31,49,1.00178,1.00845,10,4
----Generation 376--------
18,1,1.00414,1.00899,315,28
9,2,1.00178,1.00845,250,79
9,2,1.00178,1.00845,250,79
16,2,1.00345,1.00867,220,32
16,2,1.00345,1.00669,220,32
----Generation 377--------
18,1,1.00414,1.00899,95,24
16,1,1.00345,1.00845,70,35
9,2,1.00178,1.00845,55,50
9,2,1.00178,1.00624,55,50
9,2,1.00178,1.00839,55,50
----Generation 378--------
9,2,1.00361,1.00839,0,0
9,43,1.00178,1.00845,0,0
9,2,1.00178,1.00411,0,0
9,2,1.00714,1.00839,0,0
9,44,1.00178,1.00839,0,0
----Generation 379--------
34,5,1.00254,1.00239,230,22
43,16,1.00647,1.00186,120,17
8,3,1.00511,1.00108,120,52
29,2,1.00443,1.00347,105,7
39,7,1.00167,1.00182,60,60
----Generation 380--------
15,2,1.00511,1.00347,260,76
8,3,1.00167,1.00466,235,61
8,3,1.00167,1.00898,235,59
8,3,1.00167,1.00316,235,71
8,3,1.00285,1.00182,230,87
----Generation 381--------
24,3,1.00167,1.00898,0,0
49,3,1.00285,1.00316,0,0
8,32,1.00167,1.00316,0,0
33,3,1.00167,1.00316,0,0
8,15,1.00167,1.00316,0,0
----Generation 382--------
16,48,1.00669,1.00326,40,4
12,28,1.00575,1.00163,20,27
10,37,1.0048,1.00746,0,0
13,26,1.00401,1.0054400000000001,0,0
9,15,1.00269,1.00663,0,0
----Generation 383--------
16,48,1.00669,1.00326,100,33
7,30,1.00267,1.0068,45,32
3,9,1.00255,1.00643,35,21
8,20,1.00461,1.00399,25,5
5,25,1.00784,1.00295,20,50
----Generation 384--------
8,20,1.00461,1.00176,100,11
10,25,1.00255,1.00295,70,7
3,25,1.00512,1.00295,60,5
7,20,1.00784,1.00295,60,3
3,25,1.00492,1.00295,60,5
----Generation 385--------
22,25,1.00512,1.00295,0,0
7,5,1.00784,1.00295,0,0
3,25,1.00849,1.00295,0,0
46,25,1.00512,1.00295,0,0
7,25,1.00643,1.00295,0,0
----Generation 386--------
11,1,1.00855,1.00065,0,0
23,21,1.00872,1.00175,0,0
36,14,1.00807,1.00289,0,0
46,3,1.00582,1.0057,0,0
41,47,1.00593,1.0048,0,0
----Generation 387--------
11,1,1.00855,1.00065,380,225
49,2,1.00192,1.00402,55,54
13,3,1.00299,1.00139,45,61
39,1,1.00266,1.00423,25,45
6,26,1.00389,1.00217,10,50
----Generation 388--------
39,3,1.00299,1.00217,0,0
6,6,1.00266,1.00423,0,0
13,3,1.00299,1.00151,0,0
6,1,1.00312,1.00423,0,0
6,26,1.0072,1.00217,0,0
----Generation 389--------
26,1,1.0034,1.00452,530,96
25,12,1.00274,1.00367,385,49
20,15,1.00232,1.00457,280,28
30,5,1.00408,1.00854,270,45
33,9,1.00531,1.00716,230,36
----Generation 390--------
26,9,1.00408,1.00854,30,19
40,5,1.00531,1.00716,15,20
32,9,1.00531,1.00716,15,13
20,15,1.00408,1.0027,0,0
33,9,1.00781,1.00716,0,0
----Generation 391--------
32,46,1.00531,1.00716,0,0
32,26,1.00531,1.00716,0,0
17,9,1.00531,1.00716,0,0
32,9,1.00531,1.00027,0,0
32,41,1.00531,1.00716,0,0
----Generation 392--------
4,35,1.00035,1.00839,0,0
24,18,1.00695,1.00252,0,0
44,27,1.00412,1.00487,0,0
21,28,1.00116,1.00102,0,0
5,45,1.00217,1.00431,0,0
----Generation 393--------
48,12,1.00285,1.00431,0,0
44,22,1.00443,1.00593,0,0
13,18,1.00824,1.00843,0,0
17,13,1.00178,1.00621,0,0
36,14,1.0077,1.00001,0,0
----Generation 394--------
26,1,1.00113,1.00099,720,483
33,1,1.00502,1.0063,310,61
38,1,1.00155,1.00873,275,128
19,7,1.00275,1.00853,240,48
22,4,1.00635,1.0074,225,36
----Generation 395--------
38,1,1.00155,1.00684,0,0
19,7,1.00635,1.005,0,0
19,1,1.00155,1.0054400000000001,0,0
29,7,1.00635,1.0074,0,0
9,7,1.00155,1.00873,0,0
----Generation 396--------
13,29,1.00257,1.00785,35,14
30,1,1.00633,1.00836,25,17
15,4,1.00314,1.0081,15,20
6,14,1.00605,1.00649,0,0
37,31,1.0028,1.00341,0,0
----Generation 397--------
22,4,1.00314,1.0081,355,53
30,1,1.00633,1.00836,305,42
25,4,1.00314,1.0081,290,55
21,4,1.00314,1.0081,290,48
21,4,1.00314,1.0081,290,48
----Generation 398--------
21,1,1.00314,1.0081,110,58
21,4,1.00314,1.00552,65,40
21,4,1.00314,1.00782,65,40
21,4,1.00314,1.00605,65,40
21,4,1.00314,1.00824,65,40
----Generation 399--------
21,4,1.00892,1.00824,0,0
21,19,1.00314,1.00782,0,0
21,4,1.00461,1.00824,0,0
20,4,1.00314,1.00824,0,0
21,4,1.00314,1.00292,0,0
----Generation 400--------
31,35,1.00061,1.00333,45,6
10,28,1.00578,1.00245,40,9
20,3,1.00431,1.0025,25,28
16,21,1.00127,1.00072,20,21
34,22,1.00528,1.00194,20,1
----Generation 401--------
20,3,1.00528,1.00679,250,23
34,17,1.00431,1.00194,230,53
20,3,1.00528,1.00456,210,25
34,22,1.00127,1.00667,210,49
34,21,1.00127,1.00394,210,56
----Generation 402--------
34,43,1.00127,1.00394,0,0
34,21,1.00127,1.0074,0,0
34,22,1.00127,1.00667,0,0
42,22,1.00528,1.00667,0,0
20,3,1.00152,1.00394,0,0
----Generation 403--------
28,10,1.00575,1.00299,0,0
33,27,1.00342,1.00494,0,0
4,35,1.00128,1.0054400000000001,0,0
1,31,1.00114,1.00677,0,0
29,1,1.00279,1.00617,0,0
----Generation 404--------
13,31,1.00443,1.00227,120,11
33,47,1.00848,1.00082,120,20
8,9,1.00032,1.00143,110,23
17,40,1.00782,1.00185,40,13
23,10,1.00689,1.00331,40,4
----Generation 405--------
8,40,1.00782,1.00838,0,0
23,10,1.00782,1.00113,0,0
17,4,1.00689,1.00331,0,0
50,9,1.00032,1.00143,0,0
8,11,1.00032,1.00143,0,0
----Generation 406--------
1,31,1.00287,1.00081,60,26
6,3,1.00447,1.00049,40,26
23,10,1.00782,1.00113,40,5
15,45,1.0012,1.0055,10,5
10,31,1.00122,1.002,5,10
----Generation 407--------
1,31,1.00287,1.00081,100,18
23,45,1.0054,1.00113,60,5
23,10,1.00782,1.00113,40,4
23,10,1.00633,1.00113,40,4
23,10,1.00642,1.00113,40,4
----Generation 408--------
35,10,1.00642,1.00113,0,0
23,50,1.00633,1.00113,0,0
23,10,1.00163,1.00113,0,0
32,10,1.00633,1.00113,0,0
23,23,1.00642,1.00113,0,0
----Generation 409--------
40,1,1.00848,1.00794,320,56
33,2,1.00642,1.00735,300,67
15,8,1.00366,1.00886,175,21
50,1,1.00883,1.00514,120,123
22,21,1.00354,1.00469,0,0
----Generation 410--------
50,1,1.00445,1.00514,60,3
15,1,1.00366,1.0046,25,3
15,1,1.00366,1.00514,25,3
28,8,1.00366,1.00886,20,1
50,1,1.00281,1.00514,10,32
----Generation 411--------
24,8,1.00366,1.00886,0,0
50,1,1.00867,1.00514,0,0
15,1,1.00886,1.00514,0,0
28,9,1.00281,1.00886,0,0
28,1,1.00366,1.00576,0,0
----Generation 412--------
16,1,1.00176,1.00733,140,86
28,42,1.0059,1.00132,40,9
46,15,1.0076,1.00142,40,5
38,45,1.00152,1.00079,40,2
46,12,1.00509,1.00286,20,2
----Generation 413--------
16,1,1.00176,1.00733,280,126
46,33,1.0076,1.00142,60,14
38,45,1.00405,1.00079,60,18
38,45,1.00168,1.00079,60,18
39,45,1.0076,1.00079,40,15
----Generation 414--------
38,3,1.0076,1.00079,260,88
38,16,1.00405,1.00079,160,54
38,11,1.00405,1.00079,140,71
38,6,1.00405,1.00079,90,89
38,10,1.00405,1.00079,70,74
----Generation 415--------
38,8,1.00405,1.00079,0,0
38,6,1.00405,1.00079,0,0
38,6,1.00405,1.00211,0,0
38,10,1.00245,1.00079,0,0
38,10,1.00478,1.00079,0,0
----Generation 416--------
6,1,1.00144,1.0013,3860,520
39,1,1.00384,1.00404,240,300
13,1,1.00791,1.00785,225,13
16,13,1.00175,1.0088,175,21
28,10,1.00802,1.00693,135,12
----Generation 417--------
13,39,1.00802,1.00693,0,0
16,13,1.00558,1.0088,0,0
13,10,1.00802,1.00697,0,0
13,1,1.00696,1.00693,0,0
16,9,1.00791,1.00785,0,0
----Generation 418--------
34,27,1.00055,1.00893,50,30
25,6,1.00715,1.00339,40,2
21,35,1.00211,1.00899,5,2
37,39,1.00515,1.00565,0,0
41,35,1.00145,1.00235,0,0
----Generation 419--------
21,35,1.00169,1.00899,0,0
21,35,1.00211,1.0006,0,0
11,35,1.00211,1.00899,0,0
21,35,1.00554,1.00899,0,0
43,35,1.00211,1.00899,0,0
----Generation 420--------
31,35,1.00032,1.00119,55,44
13,19,1.00137,1.00356,40,2
12,42,1.00306,1.00357,20,21
8,4,1.00205,1.00278,20,1
50,19,1.00307,1.00888,5,2
----Generation 421--------
12,1,1.00205,1.00278,175,130
50,19,1.00306,1.0054400000000001,120,7
8,15,1.00205,1.00278,90,36
50,19,1.00306,1.00502,80,9
46,19,1.00307,1.00357,80,19
----Generation 422--------
6,19,1.00306,1.00502,0,0
46,15,1.00381,1.00278,0,0
12,19,1.00307,1.00357,0,0
49,19,1.00306,1.00357,0,0
50,19,1.00306,1.00025,0,0
