20171017  09:15:00,28734,28762,28734,28746,330
20171017  09:16:00,28747,28747,28727,28737,273
20171017  09:17:00,28737,28737,28719,28728,201
20171017  09:18:00,28725,28728,28718,28723,96
20171017  09:19:00,28722,28737,28722,28726,101
20171017  09:20:00,28728,28730,28710,28730,198
20171017  09:21:00,28731,28738,28724,28731,134
20171017  09:22:00,28730,28730,28713,28719,108
20171017  09:23:00,28720,28724,28716,28720,61
20171017  09:24:00,28720,28727,28715,28717,71
20171017  09:25:00,28716,28725,28716,28723,45
20171017  09:26:00,28723,28724,28717,28719,44
20171017  09:27:00,28719,28719,28704,28714,182
20171017  09:28:00,28711,28713,28703,28708,114
20171017  09:29:00,28707,28716,28707,28709,97
20171017  09:30:00,28711,28714,28686,28696,547
20171017  09:31:00,28696,28696,28673,28678,513
20171017  09:32:00,28678,28681,28663,28667,308
20171017  09:33:00,28666,28693,28664,28686,344
20171017  09:34:00,28687,28706,28679,28690,301
20171017  09:35:00,28689,28699,28687,28693,210
20171017  09:36:00,28689,28690,28666,28674,319
20171017  09:37:00,28671,28688,28662,28688,271
20171017  09:38:00,28686,28695,28674,28676,228
20171017  09:39:00,28673,28685,28668,28679,112
20171017  09:40:00,28680,28708,28680,28706,295
20171017  09:41:00,28705,28725,28704,28714,419
20171017  09:42:00,28712,28713,28707,28709,119
20171017  09:43:00,28708,28729,28708,28726,271
20171017  09:44:00,28725,28725,28710,28715,132
20171017  09:45:00,28714,28727,28714,28724,164
20171017  09:46:00,28725,28725,28683,28692,348
20171017  09:47:00,28690,28693,28675,28683,267
20171017  09:48:00,28688,28689,28662,28665,308
20171017  09:49:00,28665,28686,28662,28683,162
20171017  09:50:00,28683,28683,28663,28678,177
20171017  09:51:00,28678,28688,28670,28682,142
20171017  09:52:00,28678,28681,28669,28669,85
20171017  09:53:00,28670,28675,28665,28671,148
20171017  09:54:00,28668,28680,28665,28675,136
20171017  09:55:00,28673,28674,28647,28654,518
20171017  09:56:00,28652,28654,28644,28653,195
20171017  09:57:00,28652,28660,28645,28653,151
20171017  09:58:00,28654,28654,28638,28640,223
20171017  09:59:00,28638,28649,28636,28644,177
20171017  10:00:00,28644,28658,28644,28654,203
20171017  10:01:00,28653,28660,28651,28658,75
20171017  10:02:00,28658,28658,28638,28653,152
20171017  10:03:00,28653,28669,28649,28665,212
20171017  10:04:00,28663,28677,28661,28673,181
20171017  10:05:00,28674,28680,28671,28678,142
20171017  10:06:00,28680,28684,28670,28674,184
20171017  10:07:00,28674,28678,28665,28675,115
20171017  10:08:00,28675,28685,28674,28681,111
20171017  10:09:00,28683,28683,28672,28676,70
20171017  10:10:00,28675,28675,28664,28664,91
20171017  10:11:00,28665,28674,28662,28670,88
20171017  10:12:00,28672,28674,28669,28672,46
20171017  10:13:00,28673,28673,28662,28669,73
20171017  10:14:00,28668,28671,28666,28670,42
20171017  10:15:00,28671,28671,28652,28653,174
20171017  10:16:00,28655,28660,28650,28658,98
20171017  10:17:00,28658,28660,28656,28656,56
20171017  10:18:00,28656,28662,28647,28661,115
20171017  10:19:00,28662,28665,28653,28655,109
20171017  10:20:00,28654,28655,28643,28655,135
20171017  10:21:00,28656,28669,28655,28666,94
20171017  10:22:00,28667,28672,28665,28667,65
20171017  10:23:00,28668,28669,28663,28667,46
20171017  10:24:00,28666,28666,28658,28662,91
20171017  10:25:00,28662,28663,28649,28649,76
20171017  10:26:00,28650,28659,28650,28659,49
20171017  10:27:00,28657,28677,28656,28676,124
20171017  10:28:00,28675,28683,28675,28682,175
20171017  10:29:00,28681,28684,28677,28682,98
20171017  10:30:00,28684,28684,28676,28677,77
20171017  10:31:00,28677,28685,28676,28684,65
20171017  10:32:00,28684,28689,28680,28680,85
20171017  10:33:00,28682,28695,28679,28695,158
20171017  10:34:00,28694,28704,28691,28699,245
20171017  10:35:00,28699,28704,28694,28699,135
20171017  10:36:00,28700,28703,28699,28700,74
20171017  10:37:00,28699,28701,28690,28694,88
20171017  10:38:00,28693,28695,28690,28694,28
20171017  10:39:00,28694,28699,28692,28698,41
20171017  10:40:00,28699,28699,28694,28698,29
20171017  10:41:00,28696,28698,28694,28696,36
20171017  10:42:00,28697,28703,28697,28701,72
20171017  10:43:00,28701,28708,28698,28708,95
20171017  10:44:00,28706,28707,28702,28703,41
20171017  10:45:00,28702,28715,28702,28709,122
20171017  10:46:00,28709,28715,28707,28714,92
20171017  10:47:00,28712,28720,28710,28711,146
20171017  10:48:00,28709,28717,28709,28716,53
20171017  10:49:00,28718,28724,28716,28722,86
20171017  10:50:00,28722,28730,28721,28724,193
20171017  10:51:00,28725,28730,28718,28725,129
20171017  10:52:00,28724,28734,28723,28730,130
20171017  10:53:00,28730,28737,28729,28734,92
20171017  10:54:00,28735,28738,28732,28734,88
20171017  10:55:00,28733,28734,28720,28720,155
20171017  10:56:00,28720,28726,28719,28719,70
20171017  10:57:00,28719,28728,28718,28722,74
20171017  10:58:00,28721,28724,28718,28724,55
20171017  10:59:00,28722,28729,28722,28724,101
20171017  11:00:00,28722,28722,28709,28711,187
20171017  11:01:00,28710,28714,28707,28710,95
20171017  11:02:00,28712,28712,28706,28707,86
20171017  11:03:00,28708,28710,28702,28704,131
20171017  11:04:00,28705,28712,28702,28712,96
20171017  11:05:00,28712,28716,28712,28715,40
20171017  11:06:00,28714,28720,28714,28718,56
20171017  11:07:00,28716,28721,28716,28721,42
20171017  11:08:00,28719,28722,28715,28722,56
20171017  11:09:00,28721,28722,28718,28720,45
20171017  11:10:00,28720,28720,28712,28715,36
20171017  11:11:00,28714,28716,28713,28714,24
20171017  11:12:00,28717,28721,28717,28718,36
20171017  11:13:00,28718,28729,28717,28728,69
20171017  11:14:00,28728,28730,28726,28728,47
20171017  11:15:00,28727,28729,28726,28727,42
20171017  11:16:00,28725,28726,28721,28721,70
20171017  11:17:00,28720,28726,28720,28721,42
20171017  11:18:00,28721,28725,28720,28723,30
20171017  11:19:00,28723,28727,28723,28724,14
